200.003	382.000
200.276	387.000
200.549	380.000
200.822	391.000
201.095	397.000
201.368	391.000
201.641	393.000
201.914	401.000
202.187	404.000
202.460	411.000
202.733	404.000
203.006	392.000
203.279	391.000
203.552	397.000
203.825	402.000
204.098	400.000
204.370	405.000
204.643	399.000
204.916	394.000
205.189	402.000
205.462	402.000
205.735	401.000
206.008	401.000
206.280	404.000
206.553	397.000
206.826	400.000
207.099	395.000
207.372	390.000
207.644	382.000
207.917	383.000
208.190	385.000
208.463	377.000
208.735	367.000
209.008	373.000
209.281	384.000
209.554	404.000
209.826	395.000
210.099	390.000
210.372	382.000
210.645	399.000
210.917	407.000
211.190	419.000
211.463	405.000
211.735	394.000
212.008	396.000
212.281	391.000
212.553	384.000
212.826	386.000
213.098	389.000
213.371	378.000
213.644	372.000
213.916	384.000
214.189	391.000
214.461	382.000
214.734	367.000
215.007	365.000
215.279	384.000
215.552	402.000
215.824	400.000
216.097	389.000
216.369	391.000
216.642	406.000
216.914	414.000
217.187	411.000
217.459	398.000
217.732	385.000
218.004	374.000
218.277	387.000
218.549	409.000
218.822	391.000
219.094	377.000
219.367	388.000
219.639	378.000
219.912	370.000
220.184	378.000
220.456	388.000
220.729	388.000
221.001	388.000
221.274	396.000
221.546	384.000
221.818	382.000
222.091	385.000
222.363	392.000
222.636	394.000
222.908	399.000
223.180	410.000
223.453	406.000
223.725	401.000
223.997	402.000
224.269	402.000
224.542	395.000
224.814	390.000
225.086	385.000
225.359	385.000
225.631	380.000
225.903	374.000
226.175	384.000
226.448	389.000
226.720	389.000
226.992	389.000
227.264	404.000
227.537	407.000
227.809	406.000
228.081	405.000
228.353	401.000
228.625	393.000
228.898	397.000
229.170	410.000
229.442	409.000
229.714	404.000
229.986	387.000
230.258	386.000
230.530	389.000
230.803	384.000
231.075	385.000
231.347	389.000
231.619	382.000
231.891	382.000
232.163	380.000
232.435	381.000
232.707	385.000
232.979	377.000
233.251	370.000
233.523	376.000
233.795	387.000
234.067	389.000
234.339	391.000
234.611	395.000
234.883	389.000
235.155	396.000
235.427	407.000
235.699	402.000
235.971	400.000
236.243	392.000
236.515	389.000
236.787	386.000
237.059	381.000
237.331	380.000
237.603	381.000
237.875	392.000
238.147	387.000
238.419	384.000
238.691	393.000
238.962	399.000
239.234	409.000
239.506	402.000
239.778	405.000
240.050	401.000
240.322	387.000
240.594	401.000
240.865	382.000
241.137	387.000
241.409	396.000
241.681	398.000
241.953	394.000
242.224	383.000
242.496	395.000
242.768	386.000
243.040	368.000
243.312	384.000
243.583	401.000
243.855	396.000
244.127	390.000
244.398	385.000
244.670	387.000
244.942	388.000
245.214	387.000
245.485	388.000
245.757	389.000
246.029	391.000
246.300	377.000
246.572	371.000
246.844	377.000
247.115	386.000
247.387	387.000
247.659	382.000
247.930	389.000
248.202	396.000
248.473	402.000
248.745	393.000
249.017	373.000
249.288	372.000
249.560	389.000
249.831	388.000
250.103	392.000
250.374	388.000
250.646	386.000
250.918	396.000
251.189	390.000
251.461	390.000
251.732	400.000
252.004	381.000
252.275	381.000
252.547	387.000
252.818	392.000
253.090	388.000
253.361	389.000
253.632	397.000
253.904	391.000
254.175	387.000
254.447	382.000
254.718	380.000
254.990	381.000
255.261	393.000
255.532	388.000
255.804	380.000
256.075	381.000
256.347	389.000
256.618	388.000
256.889	394.000
257.161	394.000
257.432	389.000
257.703	391.000
257.975	389.000
258.246	378.000
258.517	381.000
258.789	387.000
259.060	387.000
259.331	389.000
259.603	385.000
259.874	387.000
260.145	385.000
260.416	373.000
260.688	385.000
260.959	388.000
261.230	393.000
261.501	384.000
261.772	381.000
262.044	385.000
262.315	379.000
262.586	388.000
262.857	391.000
263.128	379.000
263.400	375.000
263.671	387.000
263.942	401.000
264.213	401.000
264.484	382.000
264.755	377.000
265.027	387.000
265.298	388.000
265.569	391.000
265.840	395.000
266.111	408.000
266.382	397.000
266.653	378.000
266.924	381.000
267.195	386.000
267.466	381.000
267.737	375.000
268.008	373.000
268.279	376.000
268.550	368.000
268.821	394.000
269.092	409.000
269.363	409.000
269.634	392.000
269.905	397.000
270.176	389.000
270.447	376.000
270.718	390.000
270.989	404.000
271.260	398.000
271.531	391.000
271.802	388.000
272.073	385.000
272.344	383.000
272.615	385.000
272.886	376.000
273.157	372.000
273.427	383.000
273.698	389.000
273.969	390.000
274.240	382.000
274.511	372.000
274.782	360.000
275.053	378.000
275.323	384.000
275.594	392.000
275.865	395.000
276.136	395.000
276.407	378.000
276.677	378.000
276.948	380.000
277.219	390.000
277.490	397.000
277.760	398.000
278.031	388.000
278.302	397.000
278.573	405.000
278.843	394.000
279.114	385.000
279.385	375.000
279.656	367.000
279.926	380.000
280.197	402.000
280.468	393.000
280.738	390.000
281.009	391.000
281.280	395.000
281.550	393.000
281.821	383.000
282.091	379.000
282.362	381.000
282.633	384.000
282.903	383.000
283.174	387.000
283.444	391.000
283.715	394.000
283.986	376.000
284.256	364.000
284.527	369.000
284.797	383.000
285.068	395.000
285.338	401.000
285.609	406.000
285.879	411.000
286.150	399.000
286.420	392.000
286.691	404.000
286.961	399.000
287.232	398.000
287.502	395.000
287.773	409.000
288.043	407.000
288.314	393.000
288.584	388.000
288.854	398.000
289.125	405.000
289.395	395.000
289.666	389.000
289.936	397.000
290.206	399.000
290.477	386.000
290.747	382.000
291.018	386.000
291.288	389.000
291.558	390.000
291.829	385.000
292.099	381.000
292.369	388.000
292.640	390.000
292.910	390.000
293.180	396.000
293.451	398.000
293.721	405.000
293.991	388.000
294.261	376.000
294.532	384.000
294.802	389.000
295.072	384.000
295.342	381.000
295.613	386.000
295.883	394.000
296.153	387.000
296.423	381.000
296.693	398.000
296.964	396.000
297.234	405.000
297.504	392.000
297.774	382.000
298.044	383.000
298.314	388.000
298.585	385.000
298.855	390.000
299.125	388.000
299.395	388.000
299.665	387.000
299.935	381.000
300.205	381.000
300.475	385.000
300.745	395.000
301.015	397.000
301.285	399.000
301.556	395.000
301.826	399.000
302.096	407.000
302.366	401.000
302.636	378.000
302.906	382.000
303.176	400.000
303.446	398.000
303.716	399.000
303.986	389.000
304.256	378.000
304.526	387.000
304.796	380.000
305.065	376.000
305.335	369.000
305.605	368.000
305.875	379.000
306.145	389.000
306.415	396.000
306.685	400.000
306.955	395.000
307.225	397.000
307.495	398.000
307.764	398.000
308.034	396.000
308.304	380.000
308.574	374.000
308.844	378.000
309.114	374.000
309.384	372.000
309.653	377.000
309.923	375.000
310.193	377.000
310.463	384.000
310.732	387.000
311.002	373.000
311.272	369.000
311.542	372.000
311.812	382.000
312.081	397.000
312.351	406.000
312.621	402.000
312.890	395.000
313.160	398.000
313.430	393.000
313.700	405.000
313.969	399.000
314.239	381.000
314.509	381.000
314.778	389.000
315.048	386.000
315.318	375.000
315.587	389.000
315.857	390.000
316.126	388.000
316.396	391.000
316.666	386.000
316.935	397.000
317.205	389.000
317.474	391.000
317.744	393.000
318.013	377.000
318.283	386.000
318.553	395.000
318.822	399.000
319.092	401.000
319.361	397.000
319.631	398.000
319.900	396.000
320.170	394.000
320.439	374.000
320.709	370.000
320.978	377.000
321.248	383.000
321.517	392.000
321.787	393.000
322.056	391.000
322.325	385.000
322.595	377.000
322.864	385.000
323.134	388.000
323.403	409.000
323.672	430.000
323.942	403.000
324.211	408.000
324.481	402.000
324.750	392.000
325.019	382.000
325.289	376.000
325.558	374.000
325.827	376.000
326.097	391.000
326.366	399.000
326.635	403.000
326.905	390.000
327.174	381.000
327.443	386.000
327.712	389.000
327.982	403.000
328.251	393.000
328.520	386.000
328.789	401.000
329.059	397.000
329.328	384.000
329.597	394.000
329.866	400.000
330.135	391.000
330.405	395.000
330.674	398.000
330.943	398.000
331.212	394.000
331.481	397.000
331.751	400.000
332.020	397.000
332.289	399.000
332.558	401.000
332.827	399.000
333.096	397.000
333.365	397.000
333.634	392.000
333.903	381.000
334.173	393.000
334.442	397.000
334.711	400.000
334.980	386.000
335.249	377.000
335.518	385.000
335.787	383.000
336.056	384.000
336.325	387.000
336.594	393.000
336.863	400.000
337.132	395.000
337.401	388.000
337.670	382.000
337.939	382.000
338.208	393.000
338.477	388.000
338.746	398.000
339.015	383.000
339.283	371.000
339.552	384.000
339.821	396.000
340.090	407.000
340.359	407.000
340.628	400.000
340.897	397.000
341.166	387.000
341.435	395.000
341.703	395.000
341.972	398.000
342.241	390.000
342.510	373.000
342.779	374.000
343.048	388.000
343.316	398.000
343.585	394.000
343.854	385.000
344.123	389.000
344.392	400.000
344.660	397.000
344.929	389.000
345.198	384.000
345.467	386.000
345.735	391.000
346.004	390.000
346.273	373.000
346.541	374.000
346.810	377.000
347.079	374.000
347.348	387.000
347.616	386.000
347.885	392.000
348.154	394.000
348.422	391.000
348.691	387.000
348.959	382.000
349.228	392.000
349.497	396.000
349.765	392.000
350.034	384.000
350.303	377.000
350.571	383.000
350.840	377.000
351.108	385.000
351.377	394.000
351.645	393.000
351.914	395.000
352.182	396.000
352.451	390.000
352.720	393.000
352.988	405.000
353.257	399.000
353.525	396.000
353.794	393.000
354.062	385.000
354.330	391.000
354.599	404.000
354.867	401.000
355.136	404.000
355.404	403.000
355.673	391.000
355.941	389.000
356.210	391.000
356.478	394.000
356.746	402.000
357.015	401.000
357.283	405.000
357.552	391.000
357.820	377.000
358.088	379.000
358.357	372.000
358.625	374.000
358.893	387.000
359.162	385.000
359.430	375.000
359.698	383.000
359.967	387.000
360.235	395.000
360.503	395.000
360.771	387.000
361.040	391.000
361.308	384.000
361.576	387.000
361.844	387.000
362.113	393.000
362.381	401.000
362.649	394.000
362.917	387.000
363.186	389.000
363.454	389.000
363.722	387.000
363.990	391.000
364.258	385.000
364.526	381.000
364.795	394.000
365.063	391.000
365.331	385.000
365.599	400.000
365.867	404.000
366.135	399.000
366.403	387.000
366.671	388.000
366.940	373.000
367.208	372.000
367.476	366.000
367.744	375.000
368.012	380.000
368.280	393.000
368.548	405.000
368.816	390.000
369.084	380.000
369.352	378.000
369.620	394.000
369.888	404.000
370.156	399.000
370.424	395.000
370.692	393.000
370.960	386.000
371.228	383.000
371.496	372.000
371.764	364.000
372.032	385.000
372.300	394.000
372.568	381.000
372.836	383.000
373.103	387.000
373.371	377.000
373.639	374.000
373.907	383.000
374.175	386.000
374.443	378.000
374.711	376.000
374.979	378.000
375.246	395.000
375.514	402.000
375.782	403.000
376.050	404.000
376.318	405.000
376.585	397.000
376.853	385.000
377.121	387.000
377.389	404.000
377.657	407.000
377.924	401.000
378.192	385.000
378.460	370.000
378.728	376.000
378.995	394.000
379.263	403.000
379.531	405.000
379.798	390.000
380.066	384.000
380.334	382.000
380.601	368.000
380.869	378.000
381.137	392.000
381.404	396.000
381.672	386.000
381.940	389.000
382.207	387.000
382.475	396.000
382.743	387.000
383.010	400.000
383.278	388.000
383.545	385.000
383.813	373.000
384.081	365.000
384.348	371.000
384.616	380.000
384.883	383.000
385.151	386.000
385.418	387.000
385.686	397.000
385.953	392.000
386.221	388.000
386.488	395.000
386.756	393.000
387.023	388.000
387.291	389.000
387.558	379.000
387.826	386.000
388.093	398.000
388.361	397.000
388.628	390.000
388.895	394.000
389.163	392.000
389.430	387.000
389.698	388.000
389.965	377.000
390.232	371.000
390.500	378.000
390.767	378.000
391.034	391.000
391.302	387.000
391.569	381.000
391.837	387.000
392.104	389.000
392.371	378.000
392.638	371.000
392.906	380.000
393.173	401.000
393.440	404.000
393.708	387.000
393.975	382.000
394.242	381.000
394.509	389.000
394.777	384.000
395.044	382.000
395.311	394.000
395.578	398.000
395.846	391.000
396.113	384.000
396.380	388.000
396.647	388.000
396.914	381.000
397.181	385.000
397.449	373.000
397.716	369.000
397.983	380.000
398.250	400.000
398.517	403.000
398.784	394.000
399.051	391.000
399.319	389.000
399.586	384.000
399.853	377.000
400.120	379.000
400.387	385.000
400.654	383.000
400.921	369.000
401.188	378.000
401.455	380.000
401.722	370.000
401.989	381.000
402.256	391.000
402.523	389.000
402.790	391.000
403.057	394.000
403.324	384.000
403.591	378.000
403.858	380.000
404.125	390.000
404.392	395.000
404.659	383.000
404.926	374.000
405.193	372.000
405.460	373.000
405.727	392.000
405.993	401.000
406.260	393.000
406.527	393.000
406.794	388.000
407.061	391.000
407.328	396.000
407.595	385.000
407.862	387.000
408.128	388.000
408.395	399.000
408.662	401.000
408.929	391.000
409.196	399.000
409.462	396.000
409.729	399.000
409.996	395.000
410.263	398.000
410.530	396.000
410.796	380.000
411.063	367.000
411.330	376.000
411.596	389.000
411.863	397.000
412.130	377.000
412.397	386.000
412.663	391.000
412.930	382.000
413.197	381.000
413.463	390.000
413.730	403.000
413.997	402.000
414.263	394.000
414.530	391.000
414.797	375.000
415.063	377.000
415.330	388.000
415.596	379.000
415.863	376.000
416.130	381.000
416.396	387.000
416.663	394.000
416.929	404.000
417.196	396.000
417.462	388.000
417.729	391.000
417.995	390.000
418.262	381.000
418.528	379.000
418.795	386.000
419.061	398.000
419.328	394.000
419.594	383.000
419.861	384.000
420.127	388.000
420.394	386.000
420.660	373.000
420.927	386.000
421.193	401.000
421.460	407.000
421.726	398.000
421.992	391.000
422.259	386.000
422.525	374.000
422.792	375.000
423.058	376.000
423.324	384.000
423.591	396.000
423.857	400.000
424.123	391.000
424.390	378.000
424.656	384.000
424.922	376.000
425.189	370.000
425.455	370.000
425.721	376.000
425.987	385.000
426.254	385.000
426.520	379.000
426.786	379.000
427.053	390.000
427.319	394.000
427.585	389.000
427.851	398.000
428.117	393.000
428.384	378.000
428.650	381.000
428.916	388.000
429.182	400.000
429.448	397.000
429.715	394.000
429.981	391.000
430.247	387.000
430.513	378.000
430.779	369.000
431.045	360.000
431.311	372.000
431.578	390.000
431.844	393.000
432.110	396.000
432.376	384.000
432.642	387.000
432.908	397.000
433.174	388.000
433.440	389.000
433.706	389.000
433.972	387.000
434.238	386.000
434.504	394.000
434.770	393.000
435.036	371.000
435.302	369.000
435.568	384.000
435.834	380.000
436.100	384.000
436.366	407.000
436.632	408.000
436.898	397.000
437.164	394.000
437.430	395.000
437.696	394.000
437.962	390.000
438.228	406.000
438.493	397.000
438.759	381.000
439.025	386.000
439.291	378.000
439.557	374.000
439.823	376.000
440.089	377.000
440.354	388.000
440.620	388.000
440.886	389.000
441.152	386.000
441.418	381.000
441.684	380.000
441.949	390.000
442.215	390.000
442.481	388.000
442.747	396.000
443.012	395.000
443.278	388.000
443.544	381.000
443.810	379.000
444.075	389.000
444.341	385.000
444.607	390.000
444.872	398.000
445.138	395.000
445.404	397.000
445.669	393.000
445.935	392.000
446.201	385.000
446.466	378.000
446.732	378.000
446.998	380.000
447.263	387.000
447.529	390.000
447.795	406.000
448.060	400.000
448.326	397.000
448.591	395.000
448.857	402.000
449.122	389.000
449.388	378.000
449.654	372.000
449.919	372.000
450.185	388.000
450.450	394.000
450.716	390.000
450.981	378.000
451.247	379.000
451.512	388.000
451.778	397.000
452.043	389.000
452.309	388.000
452.574	388.000
452.839	386.000
453.105	390.000
453.370	389.000
453.636	378.000
453.901	384.000
454.167	390.000
454.432	395.000
454.697	405.000
454.963	408.000
455.228	394.000
455.493	394.000
455.759	401.000
456.024	397.000
456.289	385.000
456.555	382.000
456.820	392.000
457.085	393.000
457.351	387.000
457.616	383.000
457.881	384.000
458.147	390.000
458.412	393.000
458.677	386.000
458.942	389.000
459.208	394.000
459.473	405.000
459.738	393.000
460.003	386.000
460.269	383.000
460.534	391.000
460.799	382.000
461.064	371.000
461.329	366.000
461.594	374.000
461.860	391.000
462.125	397.000
462.390	382.000
462.655	380.000
462.920	392.000
463.185	401.000
463.450	396.000
463.716	390.000
463.981	388.000
464.246	385.000
464.511	379.000
464.776	380.000
465.041	377.000
465.306	382.000
465.571	388.000
465.836	393.000
466.101	384.000
466.366	380.000
466.631	389.000
466.896	387.000
467.161	384.000
467.426	391.000
467.691	393.000
467.956	381.000
468.221	391.000
468.486	396.000
468.751	382.000
469.016	377.000
469.281	393.000
469.546	400.000
469.811	408.000
470.076	406.000
470.340	404.000
470.605	404.000
470.870	402.000
471.135	396.000
471.400	385.000
471.665	390.000
471.930	399.000
472.195	391.000
472.459	390.000
472.724	390.000
472.989	395.000
473.254	400.000
473.519	396.000
473.783	379.000
474.048	366.000
474.313	385.000
474.578	387.000
474.842	383.000
475.107	378.000
475.372	382.000
475.637	390.000
475.901	394.000
476.166	395.000
476.431	394.000
476.696	391.000
476.960	377.000
477.225	376.000
477.490	379.000
477.754	376.000
478.019	375.000
478.284	382.000
478.548	394.000
478.813	397.000
479.077	389.000
479.342	387.000
479.607	387.000
479.871	381.000
480.136	376.000
480.400	385.000
480.665	373.000
480.930	369.000
481.194	374.000
481.459	386.000
481.723	397.000
481.988	395.000
482.252	390.000
482.517	389.000
482.781	393.000
483.046	393.000
483.310	385.000
483.575	380.000
483.839	382.000
484.104	376.000
484.368	380.000
484.633	389.000
484.897	396.000
485.161	391.000
485.426	376.000
485.690	380.000
485.955	386.000
486.219	383.000
486.483	387.000
486.748	387.000
487.012	384.000
487.277	378.000
487.541	394.000
487.805	397.000
488.070	393.000
488.334	377.000
488.598	368.000
488.863	376.000
489.127	398.000
489.391	393.000
489.655	386.000
489.920	379.000
490.184	380.000
490.448	372.000
490.712	369.000
490.977	371.000
491.241	375.000
491.505	387.000
491.769	396.000
492.034	396.000
492.298	406.000
492.562	393.000
492.826	390.000
493.090	384.000
493.355	380.000
493.619	379.000
493.883	380.000
494.147	381.000
494.411	390.000
494.675	385.000
494.939	388.000
495.203	396.000
495.468	398.000
495.732	390.000
495.996	390.000
496.260	392.000
496.524	401.000
496.788	398.000
497.052	392.000
497.316	390.000
497.580	383.000
497.844	388.000
498.108	402.000
498.372	407.000
498.636	398.000
498.900	394.000
499.164	395.000
499.428	380.000
499.692	393.000
499.956	397.000
500.220	391.000
500.484	391.000
500.748	401.000
501.012	389.000
501.276	378.000
501.540	375.000
501.804	381.000
502.067	394.000
502.331	402.000
502.595	398.000
502.859	388.000
503.123	380.000
503.387	382.000
503.651	397.000
503.914	380.000
504.178	369.000
504.442	385.000
504.706	396.000
504.970	403.000
505.233	404.000
505.497	405.000
505.761	401.000
506.025	382.000
506.289	388.000
506.552	385.000
506.816	390.000
507.080	398.000
507.343	399.000
507.607	386.000
507.871	389.000
508.135	404.000
508.398	409.000
508.662	394.000
508.926	386.000
509.189	384.000
509.453	387.000
509.717	389.000
509.980	389.000
510.244	396.000
510.508	381.000
510.771	376.000
511.035	388.000
511.298	384.000
511.562	394.000
511.825	402.000
512.089	415.000
512.353	415.000
512.616	407.000
512.880	396.000
513.143	406.000
513.407	405.000
513.670	412.000
513.934	411.000
514.197	401.000
514.461	404.000
514.724	414.000
514.988	428.000
515.251	444.000
515.515	431.000
515.778	412.000
516.042	411.000
516.305	414.000
516.569	414.000
516.832	417.000
517.095	438.000
517.359	451.000
517.622	459.000
517.886	451.000
518.149	463.000
518.412	460.000
518.676	456.000
518.939	459.000
519.202	452.000
519.466	459.000
519.729	465.000
519.992	452.000
520.256	462.000
520.519	462.000
520.782	456.000
521.046	465.000
521.309	473.000
521.572	473.000
521.835	476.000
522.099	482.000
522.362	481.000
522.625	478.000
522.888	484.000
523.151	486.000
523.415	486.000
523.678	489.000
523.941	509.000
524.204	518.000
524.467	519.000
524.731	521.000
524.994	529.000
525.257	544.000
525.520	562.000
525.783	592.000
526.046	633.000
526.309	693.000
526.573	785.000
526.836	931.000
527.099	1169.000
527.362	1633.000
527.625	2430.000
527.888	3683.000
528.151	5364.000
528.414	6994.000
528.677	8175.000
528.940	8904.000
529.203	9301.000
529.466	9561.000
529.729	9736.000
529.992	9787.000
530.255	9777.000
530.518	9607.000
530.781	9068.000
531.044	7951.000
531.307	6225.000
531.570	4355.000
531.833	2862.000
532.096	1871.000
532.359	1284.000
532.622	938.000
532.885	755.000
533.148	632.000
533.410	569.000
533.673	528.000
533.936	497.000
534.199	481.000
534.462	479.000
534.725	469.000
534.988	444.000
535.250	429.000
535.513	429.000
535.776	428.000
536.039	428.000
536.302	425.000
536.564	417.000
536.827	410.000
537.090	412.000
537.353	412.000
537.615	408.000
537.878	421.000
538.141	421.000
538.404	408.000
538.666	409.000
538.929	416.000
539.192	405.000
539.454	401.000
539.717	420.000
539.980	415.000
540.242	400.000
540.505	398.000
540.768	401.000
541.030	399.000
541.293	398.000
541.556	396.000
541.818	427.000
542.081	445.000
542.344	410.000
542.606	405.000
542.869	398.000
543.131	397.000
543.394	399.000
543.656	393.000
543.919	388.000
544.181	397.000
544.444	397.000
544.707	404.000
544.969	407.000
545.232	408.000
545.494	399.000
545.757	393.000
546.019	390.000
546.282	394.000
546.544	406.000
546.806	403.000
547.069	397.000
547.331	399.000
547.594	400.000
547.856	405.000
548.119	399.000
548.381	391.000
548.643	401.000
548.906	398.000
549.168	397.000
549.431	397.000
549.693	399.000
549.955	411.000
550.218	398.000
550.480	382.000
550.742	389.000
551.005	397.000
551.267	392.000
551.529	386.000
551.791	382.000
552.054	389.000
552.316	397.000
552.578	391.000
552.841	383.000
553.103	376.000
553.365	394.000
553.627	397.000
553.890	402.000
554.152	408.000
554.414	410.000
554.676	409.000
554.938	397.000
555.201	395.000
555.463	393.000
555.725	403.000
555.987	399.000
556.249	397.000
556.511	387.000
556.773	386.000
557.036	376.000
557.298	377.000
557.560	381.000
557.822	395.000
558.084	405.000
558.346	386.000
558.608	379.000
558.870	396.000
559.132	405.000
559.394	395.000
559.656	388.000
559.918	375.000
560.180	379.000
560.442	391.000
560.704	398.000
560.966	389.000
561.228	388.000
561.490	376.000
561.752	374.000
562.014	379.000
562.276	384.000
562.538	381.000
562.800	386.000
563.062	386.000
563.324	391.000
563.586	393.000
563.848	390.000
564.110	382.000
564.372	387.000
564.633	394.000
564.895	397.000
565.157	394.000
565.419	386.000
565.681	375.000
565.943	369.000
566.204	382.000
566.466	382.000
566.728	381.000
566.990	387.000
567.252	391.000
567.513	387.000
567.775	378.000
568.037	379.000
568.299	380.000
568.561	390.000
568.822	385.000
569.084	390.000
569.346	387.000
569.607	366.000
569.869	371.000
570.131	380.000
570.393	389.000
570.654	395.000
570.916	393.000
571.178	398.000
571.439	382.000
571.701	385.000
571.962	389.000
572.224	386.000
572.486	390.000
572.747	391.000
573.009	382.000
573.271	380.000
573.532	376.000
573.794	384.000
574.055	391.000
574.317	386.000
574.578	385.000
574.840	385.000
575.101	381.000
575.363	376.000
575.624	381.000
575.886	396.000
576.147	394.000
576.409	388.000
576.670	393.000
576.932	392.000
577.193	400.000
577.455	399.000
577.716	398.000
577.978	390.000
578.239	387.000
578.501	397.000
578.762	393.000
579.023	387.000
579.285	382.000
579.546	400.000
579.808	404.000
580.069	396.000
580.330	381.000
580.592	389.000
580.853	382.000
581.114	374.000
581.376	388.000
581.637	393.000
581.898	393.000
582.160	391.000
582.421	395.000
582.682	404.000
582.943	388.000
583.205	378.000
583.466	373.000
583.727	380.000
583.989	387.000
584.250	380.000
584.511	379.000
584.772	380.000
585.033	386.000
585.295	384.000
585.556	384.000
585.817	385.000
586.078	387.000
586.339	391.000
586.600	376.000
586.862	367.000
587.123	377.000
587.384	381.000
587.645	386.000
587.906	380.000
588.167	372.000
588.428	379.000
588.689	389.000
588.950	382.000
589.212	383.000
589.473	397.000
589.734	404.000
589.995	399.000
590.256	391.000
590.517	404.000
590.778	395.000
591.039	403.000
591.300	397.000
591.561	391.000
591.822	384.000
592.083	375.000
592.344	387.000
592.605	385.000
592.866	386.000
593.127	374.000
593.388	381.000
593.648	392.000
593.909	381.000
594.170	372.000
594.431	378.000
594.692	389.000
594.953	387.000
595.214	382.000
595.475	385.000
595.736	382.000
595.996	389.000
596.257	397.000
596.518	392.000
596.779	385.000
597.040	385.000
597.300	397.000
597.561	392.000
597.822	374.000
598.083	377.000
598.344	385.000
598.604	385.000
598.865	379.000
599.126	371.000
599.387	372.000
599.647	384.000
599.908	387.000
600.169	387.000
600.429	391.000
600.690	395.000
600.951	386.000
601.212	374.000
601.472	384.000
601.733	396.000
601.994	398.000
602.254	400.000
602.515	396.000
602.775	396.000
603.036	388.000
603.297	383.000
603.557	389.000
603.818	396.000
604.078	403.000
604.339	400.000
604.600	401.000
604.860	393.000
605.121	381.000
605.381	380.000
605.642	384.000
605.902	385.000
606.163	388.000
606.423	381.000
606.684	385.000
606.944	389.000
607.205	377.000
607.465	382.000
607.726	390.000
607.986	384.000
608.247	380.000
608.507	390.000
608.767	389.000
609.028	395.000
609.288	386.000
609.549	387.000
609.809	391.000
610.069	381.000
610.330	378.000
610.590	393.000
610.850	393.000
611.111	380.000
611.371	381.000
611.631	382.000
611.892	377.000
612.152	381.000
612.412	395.000
612.673	382.000
612.933	389.000
613.193	394.000
613.454	389.000
613.714	383.000
613.974	378.000
614.234	385.000
614.495	385.000
614.755	376.000
615.015	376.000
615.275	378.000
615.535	386.000
615.796	386.000
616.056	391.000
616.316	409.000
616.576	399.000
616.836	391.000
617.096	397.000
617.357	389.000
617.617	392.000
617.877	386.000
618.137	386.000
618.397	375.000
618.657	375.000
618.917	387.000
619.177	393.000
619.437	392.000
619.697	381.000
619.957	389.000
620.218	404.000
620.478	391.000
620.738	389.000
620.998	392.000
621.258	399.000
621.518	400.000
621.778	382.000
622.038	386.000
622.298	395.000
622.558	382.000
622.818	390.000
623.077	383.000
623.337	379.000
623.597	382.000
623.857	389.000
624.117	391.000
624.377	376.000
624.637	369.000
624.897	379.000
625.157	397.000
625.417	403.000
625.676	393.000
625.936	381.000
626.196	383.000
626.456	384.000
626.716	389.000
626.976	391.000
627.235	397.000
627.495	391.000
627.755	376.000
628.015	372.000
628.275	395.000
628.534	395.000
628.794	377.000
629.054	379.000
629.314	382.000
629.573	391.000
629.833	386.000
630.093	391.000
630.353	392.000
630.612	382.000
630.872	388.000
631.132	371.000
631.391	372.000
631.651	378.000
631.911	382.000
632.170	381.000
632.430	381.000
632.690	379.000
632.949	378.000
633.209	379.000
633.468	376.000
633.728	366.000
633.988	353.000
634.247	381.000
634.507	393.000
634.766	383.000
635.026	381.000
635.285	386.000
635.545	389.000
635.804	391.000
636.064	400.000
636.323	398.000
636.583	388.000
636.842	391.000
637.102	387.000
637.361	378.000
637.621	399.000
637.880	392.000
638.140	391.000
638.399	383.000
638.659	371.000
638.918	370.000
639.177	373.000
639.437	386.000
639.696	386.000
639.956	383.000
640.215	377.000
640.474	373.000
640.734	372.000
640.993	376.000
641.252	391.000
641.512	398.000
641.771	383.000
642.030	376.000
642.290	370.000
642.549	370.000
642.808	370.000
643.068	371.000
643.327	371.000
643.586	378.000
643.845	375.000
644.105	376.000
644.364	380.000
644.623	381.000
644.882	377.000
645.142	382.000
645.401	394.000
645.660	364.000
645.919	366.000
646.178	390.000
646.437	397.000
646.697	388.000
646.956	381.000
647.215	382.000
647.474	385.000
647.733	378.000
647.992	389.000
648.251	404.000
648.510	395.000
648.770	392.000
649.029	401.000
649.288	386.000
649.547	385.000
649.806	384.000
650.065	377.000
650.324	387.000
650.583	392.000
650.842	384.000
651.101	388.000
651.360	396.000
651.619	401.000
651.878	401.000
652.137	395.000
652.396	405.000
652.655	404.000
652.914	381.000
653.173	374.000
653.432	376.000
653.691	374.000
653.950	382.000
654.208	387.000
654.467	384.000
654.726	386.000
654.985	389.000
655.244	392.000
655.503	381.000
655.762	373.000
656.021	376.000
656.279	382.000
656.538	375.000
656.797	370.000
657.056	380.000
657.315	384.000
657.573	383.000
657.832	393.000
658.091	389.000
658.350	380.000
658.609	384.000
658.867	377.000
659.126	384.000
659.385	382.000
659.643	372.000
659.902	374.000
660.161	378.000
660.420	374.000
660.678	365.000
660.937	361.000
661.196	373.000
661.454	369.000
661.713	373.000
661.972	377.000
662.230	375.000
662.489	378.000
662.747	379.000
663.006	387.000
663.265	382.000
663.523	384.000
663.782	392.000
664.040	386.000
664.299	388.000
664.558	382.000
664.816	386.000
665.075	392.000
665.333	406.000
665.592	398.000
665.850	386.000
666.109	383.000
666.367	383.000
666.626	391.000
666.884	389.000
667.143	394.000
667.401	383.000
667.660	366.000
667.918	363.000
668.176	382.000
668.435	395.000
668.693	395.000
668.952	390.000
669.210	376.000
669.468	377.000
669.727	381.000
669.985	386.000
670.244	393.000
670.502	399.000
670.760	403.000
671.019	401.000
671.277	390.000
671.535	401.000
671.794	416.000
672.052	412.000
672.310	405.000
672.569	391.000
672.827	382.000
673.085	385.000
673.343	389.000
673.602	389.000
673.860	388.000
674.118	387.000
674.376	385.000
674.634	380.000
674.893	380.000
675.151	389.000
675.409	379.000
675.667	372.000
675.925	373.000
676.184	374.000
676.442	389.000
676.700	388.000
676.958	390.000
677.216	388.000
677.474	391.000
677.732	381.000
677.990	380.000
678.249	382.000
678.507	388.000
678.765	382.000
679.023	381.000
679.281	398.000
679.539	418.000
679.797	408.000
680.055	393.000
680.313	381.000
680.571	386.000
680.829	375.000
681.087	375.000
681.345	380.000
681.603	398.000
681.861	395.000
682.119	384.000
682.377	382.000
682.635	383.000
682.893	392.000
683.151	402.000
683.409	400.000
683.667	394.000
683.924	388.000
684.182	384.000
684.440	383.000
684.698	377.000
684.956	379.000
685.214	394.000
685.472	394.000
685.729	389.000
685.987	379.000
686.245	381.000
686.503	387.000
686.761	389.000
687.019	381.000
687.276	373.000
687.534	386.000
687.792	378.000
688.050	376.000
688.307	384.000
688.565	380.000
688.823	396.000
689.081	401.000
689.338	400.000
689.596	387.000
689.854	386.000
690.111	380.000
690.369	386.000
690.627	389.000
690.884	381.000
691.142	384.000
691.400	381.000
691.657	371.000
691.915	385.000
692.173	382.000
692.430	377.000
692.688	382.000
692.945	378.000
693.203	377.000
693.461	389.000
693.718	390.000
693.976	389.000
694.233	398.000
694.491	398.000
694.748	396.000
695.006	399.000
695.263	401.000
695.521	389.000
695.778	378.000
696.036	391.000
696.293	384.000
696.551	374.000
696.808	366.000
697.066	370.000
697.323	373.000
697.581	387.000
697.838	389.000
698.095	384.000
698.353	388.000
698.610	393.000
698.868	381.000
699.125	380.000
699.382	392.000
699.640	385.000
699.897	379.000
700.154	379.000
700.412	389.000
700.669	388.000
700.926	385.000
701.184	375.000
701.441	382.000
701.698	380.000
701.956	365.000
702.213	372.000
702.470	371.000
702.727	368.000
702.985	371.000
703.242	378.000
703.499	381.000
703.756	388.000
704.014	378.000
704.271	373.000
704.528	388.000
704.785	389.000
705.042	381.000
705.299	378.000
705.557	371.000
705.814	372.000
706.071	393.000
706.328	401.000
706.585	396.000
706.842	386.000
707.099	377.000
707.356	373.000
707.614	379.000
707.871	382.000
708.128	370.000
708.385	379.000
708.642	374.000
708.899	372.000
709.156	375.000
709.413	381.000
709.670	392.000
709.927	380.000
710.184	386.000
710.441	399.000
710.698	390.000
710.955	372.000
711.212	365.000
711.469	368.000
711.726	373.000
711.983	380.000
712.240	384.000
712.497	387.000
712.753	387.000
713.010	389.000
713.267	376.000
713.524	378.000
713.781	382.000
714.038	381.000
714.295	382.000
714.552	389.000
714.808	394.000
715.065	396.000
715.322	396.000
715.579	391.000
715.836	384.000
716.093	390.000
716.349	398.000
716.606	390.000
716.863	372.000
717.120	366.000
717.376	365.000
717.633	370.000
717.890	373.000
718.147	369.000
718.403	386.000
718.660	391.000
718.917	386.000
719.173	387.000
719.430	389.000
719.687	402.000
719.943	393.000
720.200	380.000
720.457	379.000
720.713	380.000
720.970	370.000
721.227	380.000
721.483	391.000
721.740	389.000
721.996	382.000
722.253	380.000
722.510	373.000
722.766	377.000
723.023	367.000
723.279	363.000
723.536	377.000
723.792	385.000
724.049	382.000
724.305	402.000
724.562	400.000
724.818	388.000
725.075	384.000
725.331	378.000
725.588	372.000
725.844	380.000
726.101	390.000
726.357	395.000
726.614	389.000
726.870	388.000
727.126	386.000
727.383	398.000
727.639	381.000
727.896	367.000
728.152	369.000
728.408	376.000
728.665	371.000
728.921	371.000
729.177	382.000
729.434	397.000
729.690	393.000
729.946	381.000
730.203	375.000
730.459	384.000
730.715	379.000
730.972	373.000
731.228	373.000
731.484	378.000
731.740	385.000
731.997	382.000
732.253	382.000
732.509	395.000
732.765	386.000
733.022	367.000
733.278	374.000
733.534	383.000
733.790	386.000
734.046	380.000
734.302	379.000
734.559	390.000
734.815	395.000
735.071	402.000
735.327	380.000
735.583	378.000
735.839	393.000
736.095	386.000
736.352	387.000
736.608	390.000
736.864	380.000
737.120	384.000
737.376	394.000
737.632	387.000
737.888	381.000
738.144	368.000
738.400	379.000
738.656	393.000
738.912	392.000
739.168	389.000
739.424	383.000
739.680	378.000
739.936	377.000
740.192	378.000
740.448	384.000
740.704	391.000
740.960	381.000
741.216	370.000
741.472	379.000
741.727	376.000
741.983	372.000
742.239	381.000
742.495	389.000
742.751	388.000
743.007	377.000
743.263	378.000
743.519	374.000
743.774	371.000
744.030	386.000
744.286	394.000
744.542	398.000
744.798	388.000
745.053	385.000
745.309	386.000
745.565	401.000
745.821	399.000
746.077	389.000
746.332	393.000
746.588	393.000
746.844	390.000
747.099	388.000
747.355	395.000
747.611	395.000
747.867	392.000
748.122	403.000
748.378	401.000
748.634	385.000
748.889	379.000
749.145	386.000
749.401	401.000
749.656	411.000
749.912	389.000
750.167	373.000
750.423	389.000
750.679	396.000
750.934	404.000
751.190	397.000
751.445	380.000
751.701	389.000
751.957	387.000
752.212	367.000
752.468	374.000
752.723	382.000
752.979	401.000
753.234	396.000
753.490	380.000
753.745	384.000
754.001	393.000
754.256	381.000
754.512	387.000
754.767	391.000
755.022	399.000
755.278	390.000
755.533	386.000
755.789	398.000
756.044	395.000
756.300	393.000
756.555	389.000
756.810	391.000
757.066	385.000
757.321	375.000
757.576	386.000
757.832	394.000
758.087	397.000
758.342	378.000
758.598	375.000
758.853	387.000
759.108	368.000
759.364	377.000
759.619	389.000
759.874	394.000
760.129	403.000
760.385	392.000
760.640	399.000
760.895	383.000
761.150	377.000
761.406	378.000
761.661	379.000
761.916	374.000
762.171	380.000
762.426	376.000
762.682	381.000
762.937	390.000
763.192	394.000
763.447	407.000
763.702	391.000
763.957	387.000
764.212	388.000
764.468	384.000
764.723	384.000
764.978	389.000
765.233	384.000
765.488	377.000
765.743	397.000
765.998	401.000
766.253	386.000
766.508	383.000
766.763	382.000
767.018	381.000
767.273	389.000
767.528	397.000
767.783	393.000
768.038	374.000
768.293	372.000
768.548	388.000
768.803	382.000
769.058	381.000
769.313	375.000
769.568	380.000
769.823	383.000
770.078	383.000
770.333	381.000
770.588	388.000
770.843	394.000
771.097	401.000
771.352	387.000
771.607	371.000
771.862	370.000
772.117	370.000
772.372	389.000
772.627	385.000
772.881	391.000
773.136	398.000
773.391	383.000
773.646	390.000
773.901	398.000
774.155	384.000
774.410	377.000
774.665	380.000
774.920	378.000
775.174	381.000
775.429	371.000
775.684	367.000
775.938	377.000
776.193	369.000
776.448	367.000
776.703	363.000
776.957	381.000
777.212	387.000
777.467	388.000
777.721	398.000
777.976	388.000
778.230	394.000
778.485	389.000
778.740	391.000
778.994	405.000
779.249	407.000
779.503	394.000
779.758	395.000
780.013	394.000
780.267	395.000
780.522	394.000
780.776	401.000
781.031	395.000
781.285	380.000
781.540	374.000
781.794	375.000
782.049	381.000
782.303	387.000
782.558	388.000
782.812	388.000
783.067	377.000
783.321	372.000
783.576	367.000
783.830	378.000
784.084	385.000
784.339	390.000
784.593	381.000
784.848	377.000
785.102	377.000
785.356	373.000
785.611	381.000
785.865	384.000
786.119	387.000
786.374	395.000
786.628	401.000
786.882	385.000
787.137	376.000
787.391	378.000
787.645	383.000
787.900	381.000
788.154	394.000
788.408	386.000
788.662	388.000
788.917	393.000
789.171	390.000
789.425	388.000
789.679	389.000
789.934	384.000
790.188	376.000
790.442	372.000
790.696	369.000
790.950	378.000
791.205	386.000
791.459	397.000
791.713	381.000
791.967	392.000
792.221	394.000
792.475	386.000
792.729	387.000
792.984	386.000
793.238	384.000
793.492	378.000
793.746	378.000
794.000	382.000
794.254	378.000
794.508	376.000
794.762	378.000
795.016	399.000
795.270	404.000
795.524	391.000
795.778	396.000
796.032	393.000
796.286	393.000
796.540	401.000
796.794	392.000
797.048	389.000
797.302	392.000
797.556	396.000
797.810	384.000
798.064	372.000
798.318	370.000
798.572	369.000
798.826	377.000
799.079	376.000
799.333	378.000
799.587	377.000
799.841	390.000
800.095	396.000
800.349	393.000
800.603	389.000
800.856	391.000
801.110	395.000
801.364	381.000
801.618	377.000
801.872	379.000
802.125	378.000
802.379	382.000
802.633	385.000
802.887	393.000
803.140	391.000
803.394	387.000
803.648	392.000
803.902	388.000
804.155	376.000
804.409	385.000
804.663	378.000
804.916	385.000
805.170	394.000
805.424	384.000
805.677	381.000
805.931	388.000
806.185	392.000
806.438	379.000
806.692	373.000
806.946	374.000
807.199	381.000
807.453	375.000
807.706	370.000
807.960	386.000
808.213	404.000
808.467	405.000
808.721	401.000
808.974	395.000
809.228	394.000
809.481	398.000
809.735	392.000
809.988	390.000
810.242	396.000
810.495	394.000
810.749	385.000
811.002	378.000
811.255	387.000
811.509	413.000
811.762	406.000
812.016	398.000
812.269	406.000
812.523	406.000
812.776	396.000
813.029	391.000
813.283	397.000
813.536	381.000
813.790	374.000
814.043	371.000
814.296	373.000
814.550	382.000
814.803	385.000
815.056	394.000
815.310	381.000
815.563	377.000
815.816	381.000
816.069	387.000
816.323	386.000
816.576	397.000
816.829	394.000
817.082	391.000
817.336	393.000
817.589	386.000
817.842	386.000
818.095	379.000
818.349	375.000
818.602	367.000
818.855	379.000
819.108	386.000
819.361	375.000
819.614	379.000
819.868	376.000
820.121	381.000
820.374	392.000
820.627	390.000
820.880	382.000
821.133	378.000
821.386	384.000
821.639	380.000
821.892	377.000
822.146	385.000
822.399	385.000
822.652	377.000
822.905	382.000
823.158	392.000
823.411	389.000
823.664	384.000
823.917	391.000
824.170	388.000
824.423	391.000
824.676	389.000
824.929	388.000
825.182	382.000
825.435	385.000
825.687	393.000
825.940	400.000
826.193	402.000
826.446	396.000
826.699	387.000
826.952	380.000
827.205	389.000
827.458	393.000
827.711	398.000
827.964	396.000
828.216	393.000
828.469	399.000
828.722	401.000
828.975	391.000
829.228	372.000
829.480	370.000
829.733	372.000
829.986	379.000
830.239	385.000
830.492	378.000
830.744	370.000
830.997	382.000
831.250	394.000
831.503	397.000
831.755	387.000
832.008	401.000
832.261	402.000
832.513	402.000
832.766	383.000
833.019	373.000
833.271	388.000
833.524	399.000
833.777	390.000
834.029	381.000
834.282	390.000
834.535	380.000
834.787	378.000
835.040	376.000
835.292	391.000
835.545	397.000
835.798	401.000
836.050	394.000
836.303	398.000
836.555	400.000
836.808	393.000
837.060	386.000
837.313	379.000
837.565	381.000
837.818	378.000
838.070	372.000
838.323	371.000
838.575	375.000
838.828	391.000
839.080	380.000
839.333	377.000
839.585	379.000
839.838	377.000
840.090	387.000
840.342	392.000
840.595	385.000
840.847	376.000
841.100	363.000
841.352	372.000
841.604	396.000
841.857	401.000
842.109	398.000
842.361	393.000
842.614	393.000
842.866	400.000
843.118	402.000
843.371	396.000
843.623	384.000
843.875	376.000
844.127	380.000
844.380	389.000
844.632	385.000
844.884	386.000
845.136	392.000
845.389	412.000
845.641	409.000
845.893	384.000
846.145	381.000
846.397	394.000
846.650	390.000
846.902	393.000
847.154	391.000
847.406	392.000
847.658	397.000
847.910	404.000
848.163	393.000
848.415	371.000
848.667	373.000
848.919	373.000
849.171	362.000
849.423	363.000
849.675	364.000
849.927	372.000
850.179	386.000
850.431	378.000
850.683	377.000
850.935	384.000
851.187	381.000
851.439	378.000
851.691	384.000
851.943	391.000
852.195	390.000
852.447	397.000
852.699	398.000
852.951	388.000
853.203	394.000
853.455	384.000
853.707	381.000
853.959	386.000
854.211	393.000
854.463	392.000
854.715	390.000
854.967	391.000
855.218	395.000
855.470	388.000
855.722	385.000
855.974	393.000
856.226	388.000
856.478	394.000
856.729	385.000
856.981	375.000
857.233	388.000
857.485	388.000
857.737	384.000
857.988	380.000
858.240	381.000
858.492	383.000
858.744	372.000
858.995	378.000
859.247	384.000
859.499	384.000
859.751	373.000
860.002	375.000
860.254	379.000
860.506	377.000
860.757	382.000
861.009	389.000
861.261	378.000
861.512	377.000
861.764	395.000
862.015	389.000
862.267	387.000
862.519	386.000
862.770	386.000
863.022	382.000
863.273	386.000
863.525	388.000
863.777	390.000
864.028	381.000
864.280	380.000
864.531	382.000
864.783	376.000
865.034	373.000
865.286	383.000
865.537	388.000
865.789	384.000
866.040	377.000
866.292	372.000
866.543	381.000
866.795	387.000
867.046	377.000
867.297	384.000
867.549	392.000
867.800	386.000
868.052	366.000
868.303	374.000
868.554	377.000
868.806	376.000
869.057	384.000
869.309	385.000
869.560	388.000
869.811	399.000
870.063	400.000
870.314	398.000
870.565	394.000
870.817	386.000
871.068	384.000
871.319	381.000
871.570	379.000
871.822	376.000
872.073	394.000
872.324	388.000
872.575	370.000
872.827	366.000
873.078	380.000
873.329	371.000
873.580	363.000
873.831	369.000
874.083	373.000
874.334	370.000
874.585	371.000
874.836	383.000
875.087	381.000
875.338	369.000
875.590	377.000
875.841	371.000
876.092	377.000
876.343	378.000
876.594	383.000
876.845	380.000
877.096	395.000
877.347	393.000
877.598	381.000
877.849	368.000
878.100	376.000
878.351	382.000
878.602	386.000
878.853	400.000
879.104	390.000
879.355	383.000
879.606	388.000
879.857	394.000
880.108	391.000
880.359	391.000
880.610	370.000
880.861	364.000
881.112	370.000
881.363	379.000
881.614	373.000
881.865	382.000
882.116	400.000
882.367	400.000
882.617	398.000
882.868	391.000
883.119	386.000
883.370	382.000
883.621	382.000
883.872	386.000
884.122	387.000
884.373	382.000
884.624	371.000
884.875	376.000
885.126	387.000
885.376	387.000
885.627	388.000
885.878	397.000
886.129	404.000
886.379	396.000
886.630	397.000
886.881	384.000
887.131	377.000
887.382	373.000
887.633	388.000
887.884	399.000
888.134	393.000
888.385	391.000
888.635	396.000
888.886	400.000
889.137	394.000
889.387	385.000
889.638	384.000
889.889	385.000
890.139	379.000
890.390	378.000
890.640	394.000
890.891	399.000
891.141	376.000
891.392	372.000
891.643	384.000
891.893	376.000
892.144	383.000
892.394	391.000
892.645	392.000
892.895	385.000
893.146	384.000
893.396	395.000
893.647	401.000
893.897	386.000
894.147	380.000
894.398	377.000
894.648	378.000
894.899	372.000
895.149	379.000
895.400	388.000
895.650	389.000
895.900	393.000
896.151	400.000
896.401	381.000
896.651	373.000
896.902	375.000
897.152	383.000
897.402	388.000
897.653	379.000
897.903	387.000
898.153	399.000
898.404	388.000
898.654	386.000
898.904	389.000
899.154	379.000
899.405	378.000
899.655	362.000
899.905	358.000
900.155	377.000
900.406	387.000
900.656	380.000
900.906	376.000
901.156	402.000
901.406	420.000
901.657	410.000
901.907	402.000
902.157	389.000
902.407	389.000
902.657	388.000
902.907	389.000
903.157	385.000
903.407	384.000
903.658	373.000
903.908	372.000
904.158	372.000
904.408	376.000
904.658	387.000
904.908	386.000
905.158	375.000
905.408	378.000
905.658	390.000
905.908	392.000
906.158	387.000
906.408	378.000
906.658	389.000
906.908	388.000
907.158	377.000
907.408	377.000
907.658	389.000
907.908	387.000
908.158	389.000
908.408	388.000
908.657	378.000
908.907	370.000
909.157	375.000
909.407	380.000
909.657	390.000
909.907	396.000
910.157	396.000
910.407	390.000
910.656	389.000
910.906	382.000
911.156	384.000
911.406	390.000
911.656	395.000
911.905	389.000
912.155	382.000
912.405	381.000
912.655	390.000
912.904	402.000
913.154	403.000
913.404	396.000
913.654	387.000
913.903	384.000
914.153	375.000
914.403	378.000
914.652	375.000
914.902	369.000
915.152	381.000
915.401	383.000
915.651	378.000
915.901	388.000
916.150	393.000
916.400	382.000
916.650	381.000
916.899	394.000
917.149	397.000
917.398	394.000
917.648	377.000
917.898	382.000
918.147	380.000
918.397	372.000
918.646	369.000
918.896	361.000
919.145	372.000
919.395	388.000
919.644	389.000
919.894	392.000
920.143	381.000
920.393	392.000
920.642	397.000
920.892	387.000
921.141	391.000
921.391	397.000
921.640	392.000
921.889	398.000
922.139	411.000
922.388	401.000
922.638	385.000
922.887	372.000
923.136	370.000
923.386	369.000
923.635	377.000
923.884	378.000
924.134	382.000
924.383	396.000
924.632	383.000
924.882	389.000
925.131	396.000
925.380	386.000
925.629	384.000
925.879	382.000
926.128	381.000
926.377	377.000
926.626	386.000
926.876	385.000
927.125	391.000
927.374	396.000
927.623	397.000
927.873	385.000
928.122	391.000
928.371	405.000
928.620	400.000
928.869	402.000
929.118	401.000
929.368	380.000
929.617	377.000
929.866	377.000
930.115	373.000
930.364	376.000
930.613	388.000
930.862	389.000
931.111	392.000
931.360	392.000
931.609	395.000
931.858	400.000
932.107	400.000
932.356	397.000
932.605	388.000
932.854	388.000
933.103	398.000
933.352	402.000
933.601	392.000
933.850	393.000
934.099	392.000
934.348	399.000
934.597	391.000
934.846	374.000
935.095	371.000
935.344	386.000
935.593	386.000
935.842	380.000
936.091	379.000
936.340	386.000
936.588	385.000
936.837	385.000
937.086	374.000
937.335	387.000
937.584	386.000
937.833	381.000
938.081	391.000
938.330	384.000
938.579	375.000
938.828	384.000
939.077	382.000
939.325	382.000
939.574	397.000
939.823	390.000
940.072	394.000
940.320	393.000
940.569	398.000
940.818	402.000
941.066	397.000
941.315	394.000
941.564	387.000
941.812	385.000
942.061	389.000
942.310	378.000
942.558	370.000
942.807	371.000
943.056	377.000
943.304	385.000
943.553	400.000
943.802	391.000
944.050	372.000
944.299	378.000
944.547	382.000
944.796	385.000
945.044	385.000
945.293	377.000
945.541	383.000
945.790	388.000
946.038	388.000
946.287	398.000
946.535	396.000
946.784	379.000
947.032	381.000
947.281	380.000
947.529	379.000
947.778	384.000
948.026	389.000
948.275	388.000
948.523	382.000
948.771	370.000
949.020	371.000
949.268	384.000
949.517	380.000
949.765	386.000
950.013	382.000
950.262	385.000
950.510	386.000
950.758	397.000
951.007	401.000
951.255	396.000
951.503	405.000
951.752	394.000
952.000	401.000
952.248	396.000
952.496	402.000
952.745	407.000
952.993	388.000
953.241	387.000
953.489	399.000
953.738	402.000
953.986	404.000
954.234	402.000
954.482	400.000
954.730	399.000
954.979	394.000
955.227	387.000
955.475	391.000
955.723	382.000
955.971	380.000
956.219	377.000
956.468	380.000
956.716	378.000
956.964	386.000
957.212	389.000
957.460	393.000
957.708	384.000
957.956	388.000
958.204	393.000
958.452	397.000
958.700	399.000
958.948	403.000
959.196	397.000
959.444	401.000
959.692	396.000
959.940	392.000
960.188	391.000
960.436	394.000
960.684	402.000
960.932	398.000
961.180	387.000
961.428	377.000
961.676	392.000
961.924	393.000
962.172	377.000
962.420	381.000
962.667	371.000
962.915	372.000
963.163	372.000
963.411	373.000
963.659	375.000
963.907	389.000
964.155	403.000
964.402	385.000
964.650	387.000
964.898	397.000
965.146	382.000
965.394	380.000
965.641	382.000
965.889	374.000
966.137	374.000
966.385	374.000
966.632	364.000
966.880	363.000
967.128	382.000
967.375	387.000
967.623	376.000
967.871	376.000
968.119	384.000
968.366	389.000
968.614	388.000
968.861	377.000
969.109	385.000
969.357	399.000
969.604	396.000
969.852	382.000
970.100	364.000
970.347	373.000
970.595	388.000
970.842	379.000
971.090	378.000
971.337	387.000
971.585	372.000
971.833	367.000
972.080	382.000
972.328	405.000
972.575	404.000
972.823	399.000
973.070	401.000
973.318	407.000
973.565	399.000
973.812	395.000
974.060	398.000
974.307	397.000
974.555	392.000
974.802	395.000
975.050	394.000
975.297	385.000
975.544	383.000
975.792	384.000
976.039	381.000
976.287	384.000
976.534	386.000
976.781	386.000
977.029	390.000
977.276	395.000
977.523	392.000
977.771	376.000
978.018	371.000
978.265	388.000
978.512	386.000
978.760	387.000
979.007	384.000
979.254	396.000
979.501	385.000
979.749	373.000
979.996	368.000
980.243	381.000
980.490	388.000
980.738	377.000
980.985	388.000
981.232	392.000
981.479	386.000
981.726	395.000
981.973	399.000
982.221	400.000
982.468	382.000
982.715	376.000
982.962	374.000
983.209	378.000
983.456	384.000
983.703	384.000
983.950	379.000
984.197	380.000
984.444	371.000
984.691	375.000
984.938	379.000
985.186	382.000
985.433	402.000
985.680	388.000
985.927	373.000
986.174	388.000
986.420	379.000
986.667	366.000
986.914	368.000
987.161	377.000
987.408	387.000
987.655	388.000
987.902	390.000
988.149	393.000
988.396	400.000
988.643	381.000
988.890	373.000
989.137	392.000
989.384	403.000
989.630	393.000
989.877	376.000
990.124	376.000
990.371	382.000
990.618	393.000
990.865	391.000
991.111	385.000
991.358	392.000
991.605	390.000
991.852	376.000
992.098	376.000
992.345	387.000
992.592	378.000
992.839	368.000
993.085	373.000
993.332	382.000
993.579	379.000
993.826	371.000
994.072	393.000
994.319	398.000
994.566	390.000
994.812	387.000
995.059	386.000
995.305	378.000
995.552	375.000
995.799	374.000
996.045	371.000
996.292	373.000
996.539	378.000
996.785	382.000
997.032	388.000
997.278	397.000
997.525	409.000
997.771	398.000
998.018	377.000
998.264	390.000
998.511	396.000
998.757	394.000
999.004	381.000
999.250	382.000
999.497	393.000
999.743	400.000
999.990	394.000
1000.236	375.000
1000.483	367.000
1000.729	374.000
1000.976	376.000
1001.222	380.000
1001.468	378.000
1001.715	383.000
1001.961	387.000
1002.208	381.000
1002.454	383.000
1002.700	378.000
1002.947	378.000
1003.193	386.000
1003.439	390.000
1003.686	388.000
1003.932	385.000
1004.178	381.000
1004.424	386.000
1004.671	394.000
1004.917	399.000
1005.163	406.000
1005.410	388.000
1005.656	389.000
1005.902	401.000
1006.148	387.000
1006.394	373.000
1006.641	386.000
1006.887	386.000
1007.133	376.000
1007.379	383.000
1007.625	387.000
1007.872	389.000
1008.118	395.000
1008.364	392.000
1008.610	393.000
1008.856	403.000
1009.102	408.000
1009.348	391.000
1009.594	393.000
1009.840	396.000
1010.087	388.000
1010.333	387.000
1010.579	386.000
1010.825	387.000
1011.071	405.000
1011.317	405.000
1011.563	382.000
1011.809	380.000
1012.055	392.000
1012.301	391.000
1012.547	384.000
1012.793	378.000
1013.039	377.000
1013.285	387.000
1013.531	383.000
1013.776	374.000
1014.022	379.000
1014.268	381.000
1014.514	384.000
1014.760	384.000
1015.006	382.000
1015.252	391.000
1015.498	392.000
1015.744	386.000
1015.989	377.000
1016.235	380.000
1016.481	378.000
1016.727	375.000
1016.973	379.000
1017.218	375.000
1017.464	375.000
1017.710	382.000
1017.956	393.000
1018.202	380.000
1018.447	385.000
1018.693	390.000
1018.939	388.000
1019.184	373.000
1019.430	385.000
1019.676	384.000
1019.922	374.000
1020.167	375.000
1020.413	384.000
1020.659	389.000
1020.904	394.000
1021.150	389.000
1021.396	379.000
1021.641	390.000
1021.887	398.000
1022.132	393.000
1022.378	398.000
1022.624	399.000
1022.869	395.000
1023.115	391.000
1023.360	386.000
1023.606	389.000
1023.851	391.000
1024.097	395.000
1024.342	390.000
1024.588	378.000
1024.833	377.000
1025.079	381.000
1025.324	391.000
1025.570	400.000
1025.815	388.000
1026.061	399.000
1026.306	405.000
1026.552	388.000
1026.797	382.000
1027.042	389.000
1027.288	399.000
1027.533	399.000
1027.779	400.000
1028.024	387.000
1028.269	382.000
1028.515	384.000
1028.760	389.000
1029.005	394.000
1029.251	382.000
1029.496	386.000
1029.741	379.000
1029.987	383.000
1030.232	383.000
1030.477	384.000
1030.723	381.000
1030.968	378.000
1031.213	387.000
1031.458	389.000
1031.704	382.000
1031.949	386.000
1032.194	398.000
1032.439	406.000
1032.684	388.000
1032.930	381.000
1033.175	378.000
1033.420	379.000
1033.665	385.000
1033.910	388.000
1034.155	378.000
1034.400	373.000
1034.646	380.000
1034.891	386.000
1035.136	381.000
1035.381	383.000
1035.626	398.000
1035.871	398.000
1036.116	396.000
1036.361	407.000
1036.606	397.000
1036.851	385.000
1037.096	392.000
1037.341	404.000
1037.586	400.000
1037.831	397.000
1038.076	385.000
1038.321	376.000
1038.566	372.000
1038.811	372.000
1039.056	377.000
1039.301	388.000
1039.546	398.000
1039.791	394.000
1040.036	397.000
1040.281	391.000
1040.526	388.000
1040.770	384.000
1041.015	382.000
1041.260	377.000
1041.505	380.000
1041.750	380.000
1041.995	369.000
1042.240	388.000
1042.484	395.000
1042.729	399.000
1042.974	396.000
1043.219	389.000
1043.463	389.000
1043.708	385.000
1043.953	377.000
1044.198	371.000
1044.442	376.000
1044.687	377.000
1044.932	375.000
1045.177	384.000
1045.421	385.000
1045.666	384.000
1045.911	381.000
1046.155	380.000
1046.400	395.000
1046.645	397.000
1046.889	374.000
1047.134	363.000
1047.379	382.000
1047.623	384.000
1047.868	389.000
1048.112	392.000
1048.357	385.000
1048.602	390.000
1048.846	378.000
1049.091	376.000
1049.335	382.000
1049.580	385.000
1049.824	391.000
1050.069	395.000
1050.313	390.000
1050.558	395.000
1050.802	392.000
1051.047	385.000
1051.291	385.000
1051.536	380.000
1051.780	375.000
1052.025	367.000
1052.269	362.000
1052.513	380.000
1052.758	394.000
1053.002	400.000
1053.247	402.000
1053.491	400.000
1053.735	380.000
1053.980	374.000
1054.224	378.000
1054.468	386.000
1054.713	374.000
1054.957	368.000
1055.201	367.000
1055.446	373.000
1055.690	379.000
1055.934	399.000
1056.179	394.000
1056.423	382.000
1056.667	388.000
1056.911	383.000
1057.156	376.000
1057.400	379.000
1057.644	381.000
1057.888	373.000
1058.132	373.000
1058.377	397.000
1058.621	404.000
1058.865	405.000
1059.109	392.000
1059.353	375.000
1059.597	381.000
1059.842	394.000
1060.086	397.000
1060.330	392.000
1060.574	389.000
1060.818	391.000
1061.062	393.000
1061.306	400.000
1061.550	401.000
1061.794	388.000
1062.038	390.000
1062.282	401.000
1062.526	397.000
1062.770	390.000
1063.014	406.000
1063.258	402.000
1063.502	395.000
1063.746	409.000
1063.990	400.000
1064.234	399.000
1064.478	394.000
1064.722	388.000
1064.966	394.000
1065.210	386.000
1065.454	377.000
1065.698	379.000
1065.942	372.000
1066.186	375.000
1066.429	376.000
1066.673	371.000
1066.917	374.000
1067.161	387.000
1067.405	389.000
1067.649	390.000
1067.893	394.000
1068.136	389.000
1068.380	396.000
1068.624	397.000
1068.868	396.000
1069.111	388.000
1069.355	379.000
1069.599	372.000
1069.843	376.000
1070.086	376.000
1070.330	379.000
1070.574	386.000
1070.818	388.000
1071.061	376.000
1071.305	381.000
1071.549	397.000
1071.792	396.000
1072.036	399.000
1072.280	389.000
1072.523	377.000
1072.767	374.000
1073.010	387.000
1073.254	394.000
1073.498	394.000
1073.741	389.000
1073.985	384.000
1074.228	393.000
1074.472	405.000
1074.715	415.000
1074.959	396.000
1075.202	374.000
1075.446	362.000
1075.690	376.000
1075.933	397.000
1076.177	398.000
1076.420	393.000
1076.663	391.000
1076.907	400.000
1077.150	394.000
1077.394	389.000
1077.637	380.000
1077.881	386.000
1078.124	382.000
1078.367	381.000
1078.611	373.000
1078.854	378.000
1079.098	372.000
1079.341	376.000
1079.584	382.000
1079.828	375.000
1080.071	378.000
1080.314	376.000
1080.558	384.000
1080.801	383.000
1081.044	384.000
1081.288	393.000
1081.531	401.000
1081.774	397.000
1082.017	393.000
1082.261	393.000
1082.504	392.000
1082.747	386.000
1082.990	383.000
1083.233	392.000
1083.477	390.000
1083.720	387.000
1083.963	380.000
1084.206	382.000
1084.449	397.000
1084.692	399.000
1084.936	387.000
1085.179	377.000
1085.422	387.000
1085.665	391.000
1085.908	383.000
1086.151	391.000
1086.394	390.000
1086.637	396.000
1086.880	396.000
1087.123	384.000
1087.366	378.000
1087.610	370.000
1087.853	374.000
1088.096	379.000
1088.339	375.000
1088.582	379.000
1088.825	373.000
1089.068	379.000
1089.310	386.000
1089.553	383.000
1089.796	377.000
1090.039	386.000
1090.282	369.000
1090.525	367.000
1090.768	377.000
1091.011	387.000
1091.254	374.000
1091.497	375.000
1091.740	384.000
1091.982	377.000
1092.225	393.000
1092.468	394.000
1092.711	402.000
1092.954	403.000
1093.197	393.000
1093.439	395.000
1093.682	393.000
1093.925	378.000
1094.168	377.000
1094.411	404.000
1094.653	396.000
1094.896	387.000
1095.139	383.000
1095.381	377.000
1095.624	386.000
1095.867	393.000
1096.110	393.000
1096.352	389.000
1096.595	382.000
1096.838	392.000
1097.080	394.000
1097.323	384.000
1097.566	391.000
1097.808	394.000
1098.051	392.000
1098.293	387.000
1098.536	383.000
1098.779	397.000
1099.021	401.000
1099.264	385.000
1099.506	382.000
1099.749	381.000
1099.991	385.000