200.003	368.000
200.276	367.000
200.549	359.000
200.822	366.000
201.095	370.000
201.368	363.000
201.641	352.000
201.914	355.000
202.187	363.000
202.460	367.000
202.733	371.000
203.006	356.000
203.279	357.000
203.552	369.000
203.825	366.000
204.098	356.000
204.370	371.000
204.643	372.000
204.916	372.000
205.189	362.000
205.462	346.000
205.735	340.000
206.008	339.000
206.280	353.000
206.553	359.000
206.826	364.000
207.099	366.000
207.372	364.000
207.644	365.000
207.917	373.000
208.190	367.000
208.463	368.000
208.735	362.000
209.008	353.000
209.281	357.000
209.554	364.000
209.826	373.000
210.099	361.000
210.372	362.000
210.645	370.000
210.917	363.000
211.190	367.000
211.463	369.000
211.735	371.000
212.008	367.000
212.281	361.000
212.553	361.000
212.826	354.000
213.098	359.000
213.371	370.000
213.644	369.000
213.916	348.000
214.189	357.000
214.461	366.000
214.734	356.000
215.007	349.000
215.279	360.000
215.552	363.000
215.824	359.000
216.097	370.000
216.369	374.000
216.642	377.000
216.914	378.000
217.187	361.000
217.459	362.000
217.732	366.000
218.004	363.000
218.277	368.000
218.549	374.000
218.822	361.000
219.094	359.000
219.367	366.000
219.639	374.000
219.912	366.000
220.184	373.000
220.456	356.000
220.729	352.000
221.001	351.000
221.274	349.000
221.546	353.000
221.818	369.000
222.091	368.000
222.363	365.000
222.636	361.000
222.908	365.000
223.180	373.000
223.453	373.000
223.725	370.000
223.997	361.000
224.269	373.000
224.542	370.000
224.814	365.000
225.086	363.000
225.359	362.000
225.631	355.000
225.903	352.000
226.175	349.000
226.448	347.000
226.720	353.000
226.992	353.000
227.264	364.000
227.537	376.000
227.809	370.000
228.081	363.000
228.353	360.000
228.625	361.000
228.898	366.000
229.170	362.000
229.442	371.000
229.714	370.000
229.986	357.000
230.258	362.000
230.530	368.000
230.803	370.000
231.075	368.000
231.347	371.000
231.619	364.000
231.891	355.000
232.163	347.000
232.435	350.000
232.707	372.000
232.979	381.000
233.251	362.000
233.523	362.000
233.795	361.000
234.067	350.000
234.339	350.000
234.611	366.000
234.883	361.000
235.155	352.000
235.427	367.000
235.699	380.000
235.971	372.000
236.243	361.000
236.515	364.000
236.787	361.000
237.059	351.000
237.331	358.000
237.603	356.000
237.875	366.000
238.147	375.000
238.419	371.000
238.691	373.000
238.962	378.000
239.234	391.000
239.506	388.000
239.778	378.000
240.050	367.000
240.322	367.000
240.594	363.000
240.865	370.000
241.137	375.000
241.409	377.000
241.681	369.000
241.953	369.000
242.224	367.000
242.496	359.000
242.768	355.000
243.040	360.000
243.312	355.000
243.583	351.000
243.855	359.000
244.127	368.000
244.398	366.000
244.670	356.000
244.942	352.000
245.214	358.000
245.485	357.000
245.757	357.000
246.029	347.000
246.300	350.000
246.572	354.000
246.844	355.000
247.115	352.000
247.387	350.000
247.659	351.000
247.930	349.000
248.202	348.000
248.473	360.000
248.745	358.000
249.017	364.000
249.288	358.000
249.560	356.000
249.831	353.000
250.103	365.000
250.374	364.000
250.646	365.000
250.918	363.000
251.189	366.000
251.461	363.000
251.732	359.000
252.004	353.000
252.275	346.000
252.547	360.000
252.818	373.000
253.090	364.000
253.361	364.000
253.632	370.000
253.904	359.000
254.175	355.000
254.447	357.000
254.718	365.000
254.990	363.000
255.261	358.000
255.532	375.000
255.804	364.000
256.075	351.000
256.347	354.000
256.618	366.000
256.889	362.000
257.161	363.000
257.432	366.000
257.703	359.000
257.975	358.000
258.246	362.000
258.517	355.000
258.789	348.000
259.060	345.000
259.331	347.000
259.603	342.000
259.874	362.000
260.145	365.000
260.416	358.000
260.688	357.000
260.959	360.000
261.230	356.000
261.501	353.000
261.772	357.000
262.044	374.000
262.315	377.000
262.586	370.000
262.857	368.000
263.128	377.000
263.400	377.000
263.671	369.000
263.942	363.000
264.213	362.000
264.484	366.000
264.755	371.000
265.027	365.000
265.298	374.000
265.569	364.000
265.840	350.000
266.111	356.000
266.382	360.000
266.653	365.000
266.924	359.000
267.195	349.000
267.466	354.000
267.737	347.000
268.008	351.000
268.279	357.000
268.550	357.000
268.821	358.000
269.092	363.000
269.363	362.000
269.634	366.000
269.905	361.000
270.176	366.000
270.447	365.000
270.718	367.000
270.989	371.000
271.260	359.000
271.531	352.000
271.802	346.000
272.073	337.000
272.344	339.000
272.615	354.000
272.886	357.000
273.157	341.000
273.427	341.000
273.698	368.000
273.969	377.000
274.240	367.000
274.511	364.000
274.782	350.000
275.053	350.000
275.323	348.000
275.594	349.000
275.865	366.000
276.136	370.000
276.407	349.000
276.677	349.000
276.948	364.000
277.219	377.000
277.490	366.000
277.760	367.000
278.031	371.000
278.302	363.000
278.573	361.000
278.843	357.000
279.114	356.000
279.385	355.000
279.656	347.000
279.926	342.000
280.197	346.000
280.468	355.000
280.738	356.000
281.009	354.000
281.280	346.000
281.550	342.000
281.821	350.000
282.091	357.000
282.362	362.000
282.633	357.000
282.903	365.000
283.174	360.000
283.444	353.000
283.715	352.000
283.986	352.000
284.256	355.000
284.527	365.000
284.797	378.000
285.068	378.000
285.338	377.000
285.609	375.000
285.879	373.000
286.150	356.000
286.420	366.000
286.691	389.000
286.961	373.000
287.232	378.000
287.502	360.000
287.773	355.000
288.043	360.000
288.314	348.000
288.584	350.000
288.854	368.000
289.125	366.000
289.395	360.000
289.666	346.000
289.936	351.000
290.206	359.000
290.477	355.000
290.747	354.000
291.018	354.000
291.288	359.000
291.558	359.000
291.829	367.000
292.099	377.000
292.369	380.000
292.640	376.000
292.910	366.000
293.180	338.000
293.451	343.000
293.721	347.000
293.991	347.000
294.261	358.000
294.532	362.000
294.802	362.000
295.072	348.000
295.342	359.000
295.613	368.000
295.883	367.000
296.153	364.000
296.423	364.000
296.693	370.000
296.964	366.000
297.234	357.000
297.504	357.000
297.774	358.000
298.044	365.000
298.314	366.000
298.585	359.000
298.855	354.000
299.125	352.000
299.395	365.000
299.665	363.000
299.935	358.000
300.205	362.000
300.475	357.000
300.745	348.000
301.015	338.000
301.285	346.000
301.556	354.000
301.826	352.000
302.096	359.000
302.366	355.000
302.636	357.000
302.906	355.000
303.176	360.000
303.446	363.000
303.716	370.000
303.986	360.000
304.256	351.000
304.526	349.000
304.796	349.000
305.065	353.000
305.335	356.000
305.605	355.000
305.875	356.000
306.145	347.000
306.415	354.000
306.685	357.000
306.955	358.000
307.225	372.000
307.495	370.000
307.764	367.000
308.034	373.000
308.304	368.000
308.574	355.000
308.844	353.000
309.114	344.000
309.384	355.000
309.653	354.000
309.923	359.000
310.193	361.000
310.463	365.000
310.732	364.000
311.002	360.000
311.272	343.000
311.542	348.000
311.812	355.000
312.081	363.000
312.351	369.000
312.621	367.000
312.890	361.000
313.160	359.000
313.430	355.000
313.700	369.000
313.969	366.000
314.239	360.000
314.509	362.000
314.778	364.000
315.048	353.000
315.318	342.000
315.587	349.000
315.857	354.000
316.126	351.000
316.396	342.000
316.666	344.000
316.935	355.000
317.205	364.000
317.474	374.000
317.744	377.000
318.013	378.000
318.283	384.000
318.553	376.000
318.822	366.000
319.092	369.000
319.361	362.000
319.631	369.000
319.900	372.000
320.170	365.000
320.439	351.000
320.709	348.000
320.978	351.000
321.248	351.000
321.517	352.000
321.787	349.000
322.056	350.000
322.325	346.000
322.595	353.000
322.864	360.000
323.134	361.000
323.403	388.000
323.672	394.000
323.942	366.000
324.211	355.000
324.481	358.000
324.750	355.000
325.019	356.000
325.289	364.000
325.558	352.000
325.827	349.000
326.097	364.000
326.366	371.000
326.635	371.000
326.905	359.000
327.174	356.000
327.443	350.000
327.712	355.000
327.982	369.000
328.251	372.000
328.520	375.000
328.789	377.000
329.059	367.000
329.328	361.000
329.597	357.000
329.866	358.000
330.135	360.000
330.405	364.000
330.674	361.000
330.943	362.000
331.212	356.000
331.481	369.000
331.751	375.000
332.020	370.000
332.289	364.000
332.558	356.000
332.827	352.000
333.096	365.000
333.365	377.000
333.634	378.000
333.903	375.000
334.173	362.000
334.442	369.000
334.711	364.000
334.980	349.000
335.249	363.000
335.518	364.000
335.787	361.000
336.056	355.000
336.325	363.000
336.594	376.000
336.863	373.000
337.132	374.000
337.401	368.000
337.670	356.000
337.939	351.000
338.208	351.000
338.477	358.000
338.746	361.000
339.015	357.000
339.283	357.000
339.552	374.000
339.821	379.000
340.090	365.000
340.359	361.000
340.628	354.000
340.897	354.000
341.166	360.000
341.435	365.000
341.703	362.000
341.972	354.000
342.241	358.000
342.510	366.000
342.779	362.000
343.048	360.000
343.316	364.000
343.585	359.000
343.854	358.000
344.123	363.000
344.392	373.000
344.660	380.000
344.929	364.000
345.198	363.000
345.467	352.000
345.735	362.000
346.004	376.000
346.273	372.000
346.541	366.000
346.810	361.000
347.079	362.000
347.348	362.000
347.616	359.000
347.885	367.000
348.154	364.000
348.422	351.000
348.691	348.000
348.959	356.000
349.228	366.000
349.497	377.000
349.765	387.000
350.034	376.000
350.303	367.000
350.571	366.000
350.840	364.000
351.108	368.000
351.377	370.000
351.645	364.000
351.914	377.000
352.182	369.000
352.451	356.000
352.720	359.000
352.988	361.000
353.257	366.000
353.525	360.000
353.794	361.000
354.062	360.000
354.330	362.000
354.599	362.000
354.867	364.000
355.136	361.000
355.404	363.000
355.673	364.000
355.941	363.000
356.210	362.000
356.478	373.000
356.746	374.000
357.015	369.000
357.283	353.000
357.552	352.000
357.820	350.000
358.088	348.000
358.357	346.000
358.625	351.000
358.893	370.000
359.162	364.000
359.430	363.000
359.698	368.000
359.967	362.000
360.235	366.000
360.503	369.000
360.771	361.000
361.040	363.000
361.308	378.000
361.576	393.000
361.844	384.000
362.113	370.000
362.381	375.000
362.649	374.000
362.917	373.000
363.186	372.000
363.454	365.000
363.722	362.000
363.990	371.000
364.258	370.000
364.526	365.000
364.795	368.000
365.063	378.000
365.331	378.000
365.599	383.000
365.867	378.000
366.135	358.000
366.403	354.000
366.671	358.000
366.940	357.000
367.208	353.000
367.476	356.000
367.744	348.000
368.012	341.000
368.280	359.000
368.548	366.000
368.816	351.000
369.084	357.000
369.352	356.000
369.620	363.000
369.888	358.000
370.156	338.000
370.424	340.000
370.692	350.000
370.960	358.000
371.228	357.000
371.496	341.000
371.764	348.000
372.032	352.000
372.300	349.000
372.568	348.000
372.836	350.000
373.103	353.000
373.371	355.000
373.639	359.000
373.907	373.000
374.175	372.000
374.443	370.000
374.711	368.000
374.979	358.000
375.246	361.000
375.514	383.000
375.782	376.000
376.050	369.000
376.318	373.000
376.585	373.000
376.853	368.000
377.121	366.000
377.389	370.000
377.657	366.000
377.924	356.000
378.192	344.000
378.460	368.000
378.728	377.000
378.995	375.000
379.263	372.000
379.531	382.000
379.798	375.000
380.066	374.000
380.334	372.000
380.601	362.000
380.869	363.000
381.137	353.000
381.404	355.000
381.672	371.000
381.940	370.000
382.207	368.000
382.475	365.000
382.743	366.000
383.010	373.000
383.278	370.000
383.545	371.000
383.813	365.000
384.081	364.000
384.348	359.000
384.616	352.000
384.883	345.000
385.151	342.000
385.418	357.000
385.686	360.000
385.953	362.000
386.221	363.000
386.488	363.000
386.756	375.000
387.023	366.000
387.291	359.000
387.558	361.000
387.826	375.000
388.093	373.000
388.361	362.000
388.628	368.000
388.895	357.000
389.163	353.000
389.430	350.000
389.698	361.000
389.965	372.000
390.232	372.000
390.500	371.000
390.767	357.000
391.034	360.000
391.302	368.000
391.569	376.000
391.837	364.000
392.104	370.000
392.371	364.000
392.638	354.000
392.906	366.000
393.173	367.000
393.440	371.000
393.708	360.000
393.975	352.000
394.242	350.000
394.509	356.000
394.777	362.000
395.044	358.000
395.311	358.000
395.578	346.000
395.846	344.000
396.113	346.000
396.380	349.000
396.647	354.000
396.914	359.000
397.181	357.000
397.449	364.000
397.716	364.000
397.983	364.000
398.250	382.000
398.517	385.000
398.784	365.000
399.051	354.000
399.319	357.000
399.586	353.000
399.853	352.000
400.120	362.000
400.387	365.000
400.654	363.000
400.921	348.000
401.188	348.000
401.455	346.000
401.722	348.000
401.989	356.000
402.256	365.000
402.523	356.000
402.790	356.000
403.057	350.000
403.324	351.000
403.591	343.000
403.858	348.000
404.125	364.000
404.392	372.000
404.659	363.000
404.926	352.000
405.193	360.000
405.460	359.000
405.727	361.000
405.993	357.000
406.260	362.000
406.527	360.000
406.794	370.000
407.061	364.000
407.328	354.000
407.595	358.000
407.862	359.000
408.128	347.000
408.395	359.000
408.662	364.000
408.929	359.000
409.196	361.000
409.462	365.000
409.729	366.000
409.996	371.000
410.263	378.000
410.530	362.000
410.796	343.000
411.063	353.000
411.330	377.000
411.596	379.000
411.863	362.000
412.130	353.000
412.397	355.000
412.663	367.000
412.930	369.000
413.197	347.000
413.463	352.000
413.730	364.000
413.997	377.000
414.263	381.000
414.530	369.000
414.797	348.000
415.063	351.000
415.330	352.000
415.596	356.000
415.863	364.000
416.130	383.000
416.396	387.000
416.663	376.000
416.929	375.000
417.196	362.000
417.462	365.000
417.729	356.000
417.995	357.000
418.262	361.000
418.528	357.000
418.795	363.000
419.061	378.000
419.328	373.000
419.594	367.000
419.861	371.000
420.127	366.000
420.394	342.000
420.660	346.000
420.927	354.000
421.193	371.000
421.460	380.000
421.726	371.000
421.992	352.000
422.259	341.000
422.525	340.000
422.792	347.000
423.058	358.000
423.324	365.000
423.591	372.000
423.857	373.000
424.123	369.000
424.390	361.000
424.656	360.000
424.922	369.000
425.189	375.000
425.455	376.000
425.721	369.000
425.987	365.000
426.254	368.000
426.520	371.000
426.786	373.000
427.053	375.000
427.319	368.000
427.585	357.000
427.851	354.000
428.117	362.000
428.384	370.000
428.650	371.000
428.916	371.000
429.182	365.000
429.448	366.000
429.715	375.000
429.981	371.000
430.247	367.000
430.513	374.000
430.779	374.000
431.045	367.000
431.311	361.000
431.578	358.000
431.844	364.000
432.110	363.000
432.376	371.000
432.642	374.000
432.908	363.000
433.174	360.000
433.440	366.000
433.706	365.000
433.972	357.000
434.238	359.000
434.504	371.000
434.770	384.000
435.036	363.000
435.302	350.000
435.568	365.000
435.834	363.000
436.100	364.000
436.366	374.000
436.632	376.000
436.898	380.000
437.164	385.000
437.430	375.000
437.696	373.000
437.962	371.000
438.228	370.000
438.493	353.000
438.759	352.000
439.025	364.000
439.291	378.000
439.557	374.000
439.823	371.000
440.089	356.000
440.354	348.000
440.620	349.000
440.886	366.000
441.152	353.000
441.418	351.000
441.684	364.000
441.949	375.000
442.215	366.000
442.481	359.000
442.747	362.000
443.012	360.000
443.278	357.000
443.544	368.000
443.810	374.000
444.075	365.000
444.341	361.000
444.607	381.000
444.872	389.000
445.138	386.000
445.404	380.000
445.669	372.000
445.935	362.000
446.201	363.000
446.466	364.000
446.732	371.000
446.998	370.000
447.263	375.000
447.529	396.000
447.795	400.000
448.060	385.000
448.326	379.000
448.591	381.000
448.857	385.000
449.122	380.000
449.388	376.000
449.654	363.000
449.919	365.000
450.185	375.000
450.450	391.000
450.716	398.000
450.981	389.000
451.247	387.000
451.512	390.000
451.778	398.000
452.043	397.000
452.309	372.000
452.574	364.000
452.839	370.000
453.105	382.000
453.370	379.000
453.636	373.000
453.901	369.000
454.167	378.000
454.432	373.000
454.697	387.000
454.963	392.000
455.228	388.000
455.493	386.000
455.759	386.000
456.024	375.000
456.289	365.000
456.555	378.000
456.820	382.000
457.085	380.000
457.351	377.000
457.616	380.000
457.881	369.000
458.147	367.000
458.412	369.000
458.677	377.000
458.942	377.000
459.208	373.000
459.473	378.000
459.738	376.000
460.003	368.000
460.269	371.000
460.534	378.000
460.799	370.000
461.064	376.000
461.329	374.000
461.594	372.000
461.860	379.000
462.125	378.000
462.390	388.000
462.655	388.000
462.920	382.000
463.185	372.000
463.450	374.000
463.716	374.000
463.981	380.000
464.246	372.000
464.511	364.000
464.776	372.000
465.041	376.000
465.306	380.000
465.571	380.000
465.836	378.000
466.101	382.000
466.366	383.000
466.631	375.000
466.896	374.000
467.161	372.000
467.426	378.000
467.691	375.000
467.956	376.000
468.221	376.000
468.486	379.000
468.751	381.000
469.016	376.000
469.281	387.000
469.546	373.000
469.811	377.000
470.076	389.000
470.340	393.000
470.605	386.000
470.870	382.000
471.135	379.000
471.400	380.000
471.665	385.000
471.930	375.000
472.195	365.000
472.459	364.000
472.724	368.000
472.989	381.000
473.254	381.000
473.519	374.000
473.783	385.000
474.048	388.000
474.313	382.000
474.578	376.000
474.842	371.000
475.107	370.000
475.372	366.000
475.637	370.000
475.901	365.000
476.166	366.000
476.431	364.000
476.696	359.000
476.960	381.000
477.225	408.000
477.490	412.000
477.754	399.000
478.019	396.000
478.284	395.000
478.548	396.000
478.813	382.000
479.077	390.000
479.342	404.000
479.607	377.000
479.871	376.000
480.136	385.000
480.400	389.000
480.665	396.000
480.930	390.000
481.194	381.000
481.459	381.000
481.723	394.000
481.988	399.000
482.252	397.000
482.517	396.000
482.781	393.000
483.046	402.000
483.310	397.000
483.575	389.000
483.839	412.000
484.104	410.000
484.368	417.000
484.633	420.000
484.897	413.000
485.161	418.000
485.426	425.000
485.690	415.000
485.955	412.000
486.219	414.000
486.483	423.000
486.748	437.000
487.012	432.000
487.277	418.000
487.541	437.000
487.805	462.000
488.070	462.000
488.334	468.000
488.598	478.000
488.863	478.000
489.127	489.000
489.391	492.000
489.655	507.000
489.920	522.000
490.184	540.000
490.448	571.000
490.712	604.000
490.977	654.000
491.241	713.000
491.505	760.000
491.769	824.000
492.034	920.000
492.298	1007.000
492.562	1073.000
492.826	1175.000
493.090	1282.000
493.355	1370.000
493.619	1483.000
493.883	1587.000
494.147	1683.000
494.411	1791.000
494.675	1882.000
494.939	1958.000
495.203	2033.000
495.468	2107.000
495.732	2195.000
495.996	2254.000
496.260	2315.000
496.524	2395.000
496.788	2441.000
497.052	2491.000
497.316	2523.000
497.580	2531.000
497.844	2563.000
498.108	2613.000
498.372	2665.000
498.636	2697.000
498.900	2734.000
499.164	2769.000
499.428	2798.000
499.692	2842.000
499.956	2857.000
500.220	2881.000
500.484	2905.000
500.748	2949.000
501.012	2997.000
501.276	3026.000
501.540	3078.000
501.804	3128.000
502.067	3139.000
502.331	3150.000
502.595	3188.000
502.859	3225.000
503.123	3255.000
503.387	3301.000
503.651	3348.000
503.914	3403.000
504.178	3427.000
504.442	3451.000
504.706	3496.000
504.970	3521.000
505.233	3546.000
505.497	3549.000
505.761	3577.000
506.025	3626.000
506.289	3677.000
506.552	3716.000
506.816	3775.000
507.080	3810.000
507.343	3818.000
507.607	3845.000
507.871	3886.000
508.135	3934.000
508.398	3971.000
508.662	4028.000
508.926	4069.000
509.189	4106.000
509.453	4152.000
509.717	4198.000
509.980	4248.000
510.244	4280.000
510.508	4314.000
510.771	4362.000
511.035	4418.000
511.298	4450.000
511.562	4469.000
511.825	4543.000
512.089	4612.000
512.353	4645.000
512.616	4669.000
512.880	4689.000
513.143	4727.000
513.407	4772.000
513.670	4839.000
513.934	4901.000
514.197	4933.000
514.461	4969.000
514.724	4988.000
514.988	5009.000
515.251	5073.000
515.515	5134.000
515.778	5141.000
516.042	5158.000
516.305	5204.000
516.569	5252.000
516.832	5285.000
517.095	5285.000
517.359	5270.000
517.622	5277.000
517.886	5336.000
518.149	5379.000
518.412	5404.000
518.676	5424.000
518.939	5423.000
519.202	5430.000
519.466	5463.000
519.729	5491.000
519.992	5493.000
520.256	5488.000
520.519	5541.000
520.782	5559.000
521.046	5560.000
521.309	5595.000
521.572	5593.000
521.835	5579.000
522.099	5588.000
522.362	5609.000
522.625	5616.000
522.888	5594.000
523.151	5603.000
523.415	5643.000
523.678	5665.000
523.941	5660.000
524.204	5670.000
524.467	5720.000
524.731	5726.000
524.994	5709.000
525.257	5701.000
525.520	5713.000
525.783	5727.000
526.046	5729.000
526.309	5756.000
526.573	5784.000
526.836	5791.000
527.099	5799.000
527.362	5846.000
527.625	5895.000
527.888	5925.000
528.151	5949.000
528.414	5999.000
528.677	6025.000
528.940	6051.000
529.203	6093.000
529.466	6111.000
529.729	6150.000
529.992	6195.000
530.255	6250.000
530.518	6262.000
530.781	6268.000
531.044	6286.000
531.307	6323.000
531.570	6369.000
531.833	6398.000
532.096	6427.000
532.359	6506.000
532.622	6564.000
532.885	6604.000
533.148	6632.000
533.410	6606.000
533.673	6610.000
533.936	6668.000
534.199	6713.000
534.462	6730.000
534.725	6753.000
534.988	6772.000
535.250	6754.000
535.513	6770.000
535.776	6798.000
536.039	6803.000
536.302	6787.000
536.564	6822.000
536.827	6857.000
537.090	6838.000
537.353	6843.000
537.615	6878.000
537.878	6895.000
538.141	6927.000
538.404	6931.000
538.666	6895.000
538.929	6913.000
539.192	6961.000
539.454	6976.000
539.717	6972.000
539.980	6946.000
540.242	6923.000
540.505	6922.000
540.768	6908.000
541.030	6893.000
541.293	6908.000
541.556	6899.000
541.818	6913.000
542.081	6943.000
542.344	6910.000
542.606	6870.000
542.869	6846.000
543.131	6866.000
543.394	6870.000
543.656	6866.000
543.919	6853.000
544.181	6846.000
544.444	6838.000
544.707	6824.000
544.969	6761.000
545.232	6733.000
545.494	6728.000
545.757	6716.000
546.019	6735.000
546.282	6718.000
546.544	6687.000
546.806	6681.000
547.069	6690.000
547.331	6679.000
547.594	6680.000
547.856	6680.000
548.119	6690.000
548.381	6704.000
548.643	6689.000
548.906	6671.000
549.168	6688.000
549.431	6718.000
549.693	6720.000
549.955	6725.000
550.218	6708.000
550.480	6691.000
550.742	6725.000
551.005	6725.000
551.267	6692.000
551.529	6708.000
551.791	6726.000
552.054	6733.000
552.316	6765.000
552.578	6775.000
552.841	6714.000
553.103	6678.000
553.365	6684.000
553.627	6709.000
553.890	6733.000
554.152	6734.000
554.414	6748.000
554.676	6727.000
554.938	6694.000
555.201	6682.000
555.463	6664.000
555.725	6653.000
555.987	6638.000
556.249	6615.000
556.511	6588.000
556.773	6611.000
557.036	6644.000
557.298	6645.000
557.560	6632.000
557.822	6622.000
558.084	6654.000
558.346	6676.000
558.608	6666.000
558.870	6659.000
559.132	6632.000
559.394	6602.000
559.656	6569.000
559.918	6559.000
560.180	6561.000
560.442	6557.000
560.704	6570.000
560.966	6544.000
561.228	6498.000
561.490	6470.000
561.752	6480.000
562.014	6503.000
562.276	6456.000
562.538	6396.000
562.800	6396.000
563.062	6423.000
563.324	6429.000
563.586	6419.000
563.848	6374.000
564.110	6355.000
564.372	6404.000
564.633	6427.000
564.895	6418.000
565.157	6402.000
565.419	6358.000
565.681	6354.000
565.943	6349.000
566.204	6324.000
566.466	6333.000
566.728	6333.000
566.990	6344.000
567.252	6338.000
567.513	6311.000
567.775	6276.000
568.037	6256.000
568.299	6280.000
568.561	6297.000
568.822	6307.000
569.084	6316.000
569.346	6295.000
569.607	6257.000
569.869	6223.000
570.131	6226.000
570.393	6266.000
570.654	6278.000
570.916	6256.000
571.178	6250.000
571.439	6247.000
571.701	6260.000
571.962	6290.000
572.224	6258.000
572.486	6199.000
572.747	6197.000
573.009	6202.000
573.271	6152.000
573.532	6102.000
573.794	6089.000
574.055	6089.000
574.317	6098.000
574.578	6065.000
574.840	6043.000
575.101	6028.000
575.363	5990.000
575.624	5983.000
575.886	5979.000
576.147	5961.000
576.409	5966.000
576.670	5942.000
576.932	5910.000
577.193	5897.000
577.455	5875.000
577.716	5858.000
577.978	5842.000
578.239	5830.000
578.501	5799.000
578.762	5778.000
579.023	5769.000
579.285	5742.000
579.546	5704.000
579.808	5667.000
580.069	5655.000
580.330	5646.000
580.592	5611.000
580.853	5581.000
581.114	5586.000
581.376	5572.000
581.637	5518.000
581.898	5506.000
582.160	5517.000
582.421	5496.000
582.682	5449.000
582.943	5428.000
583.205	5442.000
583.466	5431.000
583.727	5426.000
583.989	5397.000
584.250	5353.000
584.511	5343.000
584.772	5303.000
585.033	5284.000
585.295	5288.000
585.556	5271.000
585.817	5248.000
586.078	5217.000
586.339	5177.000
586.600	5136.000
586.862	5114.000
587.123	5107.000
587.384	5091.000
587.645	5083.000
587.906	5080.000
588.167	5052.000
588.428	5018.000
588.689	4989.000
588.950	4965.000
589.212	4942.000
589.473	4917.000
589.734	4908.000
589.995	4869.000
590.256	4813.000
590.517	4781.000
590.778	4767.000
591.039	4759.000
591.300	4699.000
591.561	4690.000
591.822	4703.000
592.083	4659.000
592.344	4620.000
592.605	4607.000
592.866	4582.000
593.127	4533.000
593.388	4494.000
593.648	4477.000
593.909	4453.000
594.170	4411.000
594.431	4386.000
594.692	4402.000
594.953	4388.000
595.214	4348.000
595.475	4322.000
595.736	4260.000
595.996	4228.000
596.257	4213.000
596.518	4182.000
596.779	4154.000
597.040	4136.000
597.300	4125.000
597.561	4102.000
597.822	4080.000
598.083	4077.000
598.344	4081.000
598.604	4069.000
598.865	4040.000
599.126	4009.000
599.387	3995.000
599.647	3997.000
599.908	3977.000
600.169	3937.000
600.429	3904.000
600.690	3852.000
600.951	3812.000
601.212	3775.000
601.472	3694.000
601.733	3588.000
601.994	3498.000
602.254	3406.000
602.515	3275.000
602.775	3106.000
603.036	2901.000
603.297	2709.000
603.557	2519.000
603.818	2314.000
604.078	2114.000
604.339	1934.000
604.600	1772.000
604.860	1585.000
605.121	1427.000
605.381	1284.000
605.642	1164.000
605.902	1059.000
606.163	964.000
606.423	880.000
606.684	810.000
606.944	753.000
607.205	690.000
607.465	633.000
607.726	603.000
607.986	576.000
608.247	556.000
608.507	540.000
608.767	519.000
609.028	499.000
609.288	481.000
609.549	462.000
609.809	453.000
610.069	446.000
610.330	448.000
610.590	456.000
610.850	438.000
611.111	425.000
611.371	417.000
611.631	416.000
611.892	421.000
612.152	410.000
612.412	401.000
612.673	408.000
612.933	409.000
613.193	401.000
613.454	402.000
613.714	385.000
613.974	388.000
614.234	399.000
614.495	404.000
614.755	398.000
615.015	381.000
615.275	379.000
615.535	372.000
615.796	382.000
616.056	392.000
616.316	397.000
616.576	391.000
616.836	385.000
617.096	369.000
617.357	376.000
617.617	388.000
617.877	387.000
618.137	376.000
618.397	372.000
618.657	378.000
618.917	390.000
619.177	389.000
619.437	383.000
619.697	368.000
619.957	369.000
620.218	388.000
620.478	375.000
620.738	364.000
620.998	359.000
621.258	367.000
621.518	391.000
621.778	382.000
622.038	365.000
622.298	370.000
622.558	384.000
622.818	386.000
623.077	381.000
623.337	373.000
623.597	379.000
623.857	373.000
624.117	367.000
624.377	358.000
624.637	354.000
624.897	361.000
625.157	379.000
625.417	389.000
625.676	379.000
625.936	389.000
626.196	391.000
626.456	376.000
626.716	368.000
626.976	368.000
627.235	382.000
627.495	384.000
627.755	381.000
628.015	388.000
628.275	377.000
628.534	374.000
628.794	377.000
629.054	379.000
629.314	379.000
629.573	373.000
629.833	362.000
630.093	357.000
630.353	365.000
630.612	365.000
630.872	365.000
631.132	371.000
631.391	377.000
631.651	376.000
631.911	368.000
632.170	365.000
632.430	375.000
632.690	378.000
632.949	373.000
633.209	375.000
633.468	361.000
633.728	359.000
633.988	367.000
634.247	380.000
634.507	374.000
634.766	366.000
635.026	367.000
635.285	371.000
635.545	369.000
635.804	371.000
636.064	386.000
636.323	377.000
636.583	365.000
636.842	376.000
637.102	361.000
637.361	356.000
637.621	375.000
637.880	374.000
638.140	361.000
638.399	358.000
638.659	357.000
638.918	363.000
639.177	371.000
639.437	367.000
639.696	363.000
639.956	364.000
640.215	352.000
640.474	353.000
640.734	364.000
640.993	372.000
641.252	380.000
641.512	382.000
641.771	368.000
642.030	353.000
642.290	353.000
642.549	351.000
642.808	354.000
643.068	350.000
643.327	358.000
643.586	373.000
643.845	373.000
644.105	364.000
644.364	371.000
644.623	387.000
644.882	372.000
645.142	362.000
645.401	366.000
645.660	362.000
645.919	353.000
646.178	365.000
646.437	359.000
646.697	364.000
646.956	356.000
647.215	352.000
647.474	356.000
647.733	371.000
647.992	370.000
648.251	376.000
648.510	376.000
648.770	365.000
649.029	357.000
649.288	347.000
649.547	356.000
649.806	366.000
650.065	367.000
650.324	354.000
650.583	364.000
650.842	355.000
651.101	349.000
651.360	351.000
651.619	357.000
651.878	360.000
652.137	364.000
652.396	363.000
652.655	354.000
652.914	341.000
653.173	345.000
653.432	354.000
653.691	361.000
653.950	359.000
654.208	358.000
654.467	357.000
654.726	355.000
654.985	360.000
655.244	360.000
655.503	361.000
655.762	362.000
656.021	362.000
656.279	360.000
656.538	358.000
656.797	361.000
657.056	356.000
657.315	352.000
657.573	352.000
657.832	350.000
658.091	358.000
658.350	363.000
658.609	352.000
658.867	356.000
659.126	367.000
659.385	359.000
659.643	347.000
659.902	355.000
660.161	365.000
660.420	360.000
660.678	358.000
660.937	352.000
661.196	358.000
661.454	350.000
661.713	354.000
661.972	348.000
662.230	352.000
662.489	348.000
662.747	342.000
663.006	347.000
663.265	350.000
663.523	357.000
663.782	372.000
664.040	363.000
664.299	342.000
664.558	350.000
664.816	369.000
665.075	370.000
665.333	378.000
665.592	366.000
665.850	361.000
666.109	359.000
666.367	362.000
666.626	364.000
666.884	373.000
667.143	366.000
667.401	363.000
667.660	355.000
667.918	354.000
668.176	350.000
668.435	340.000
668.693	356.000
668.952	359.000
669.210	357.000
669.468	354.000
669.727	353.000
669.985	346.000
670.244	362.000
670.502	367.000
670.760	357.000
671.019	348.000
671.277	356.000
671.535	357.000
671.794	359.000
672.052	368.000
672.310	363.000
672.569	352.000
672.827	345.000
673.085	348.000
673.343	352.000
673.602	363.000
673.860	364.000
674.118	368.000
674.376	366.000
674.634	362.000
674.893	353.000
675.151	352.000
675.409	356.000
675.667	352.000
675.925	342.000
676.184	351.000
676.442	362.000
676.700	358.000
676.958	361.000
677.216	350.000
677.474	354.000
677.732	362.000
677.990	360.000
678.249	358.000
678.507	356.000
678.765	358.000
679.023	360.000
679.281	365.000
679.539	368.000
679.797	359.000
680.055	357.000
680.313	343.000
680.571	346.000
680.829	346.000
681.087	352.000
681.345	361.000
681.603	372.000
681.861	366.000
682.119	357.000
682.377	356.000
682.635	355.000
682.893	348.000
683.151	357.000
683.409	349.000
683.667	352.000
683.924	348.000
684.182	350.000
684.440	351.000
684.698	347.000
684.956	348.000
685.214	364.000
685.472	370.000
685.729	375.000
685.987	373.000
686.245	367.000
686.503	367.000
686.761	362.000
687.019	356.000
687.276	351.000
687.534	355.000
687.792	359.000
688.050	364.000
688.307	360.000
688.565	357.000
688.823	362.000
689.081	364.000
689.338	369.000
689.596	361.000
689.854	350.000
690.111	343.000
690.369	352.000
690.627	350.000
690.884	350.000
691.142	357.000
691.400	362.000
691.657	360.000
691.915	354.000
692.173	361.000
692.430	360.000
692.688	370.000
692.945	356.000
693.203	360.000
693.461	361.000
693.718	344.000
693.976	348.000
694.233	358.000
694.491	363.000
694.748	357.000
695.006	358.000
695.263	352.000
695.521	351.000
695.778	361.000
696.036	363.000
696.293	355.000
696.551	352.000
696.808	354.000
697.066	352.000
697.323	344.000
697.581	341.000
697.838	342.000
698.095	353.000
698.353	363.000
698.610	363.000
698.868	359.000
699.125	361.000
699.382	362.000
699.640	372.000
699.897	371.000
700.154	356.000
700.412	353.000
700.669	358.000
700.926	349.000
701.184	340.000
701.441	334.000
701.698	341.000
701.956	356.000
702.213	363.000
702.470	367.000
702.727	360.000
702.985	360.000
703.242	364.000
703.499	364.000
703.756	375.000
704.014	365.000
704.271	348.000
704.528	351.000
704.785	362.000
705.042	365.000
705.299	361.000
705.557	356.000
705.814	356.000
706.071	361.000
706.328	356.000
706.585	352.000
706.842	357.000
707.099	358.000
707.356	359.000
707.614	350.000
707.871	349.000
708.128	351.000
708.385	357.000
708.642	371.000
708.899	375.000
709.156	354.000
709.413	350.000
709.670	362.000
709.927	360.000
710.184	360.000
710.441	372.000
710.698	363.000
710.955	354.000
711.212	348.000
711.469	347.000
711.726	357.000
711.983	369.000
712.240	366.000
712.497	355.000
712.753	348.000
713.010	358.000
713.267	353.000
713.524	344.000
713.781	351.000
714.038	361.000
714.295	352.000
714.552	362.000
714.808	364.000
715.065	366.000
715.322	372.000
715.579	372.000
715.836	364.000
716.093	375.000
716.349	375.000
716.606	367.000
716.863	360.000
717.120	360.000
717.376	362.000
717.633	352.000
717.890	338.000
718.147	347.000
718.403	351.000
718.660	356.000
718.917	371.000
719.173	375.000
719.430	371.000
719.687	370.000
719.943	349.000
720.200	352.000
720.457	366.000
720.713	370.000
720.970	364.000
721.227	367.000
721.483	367.000
721.740	357.000
721.996	360.000
722.253	370.000
722.510	360.000
722.766	355.000
723.023	365.000
723.279	360.000
723.536	355.000
723.792	354.000
724.049	358.000
724.305	365.000
724.562	373.000
724.818	370.000
725.075	361.000
725.331	356.000
725.588	358.000
725.844	355.000
726.101	366.000
726.357	371.000
726.614	370.000
726.870	366.000
727.126	361.000
727.383	362.000
727.639	365.000
727.896	358.000
728.152	350.000
728.408	344.000
728.665	345.000
728.921	352.000
729.177	358.000
729.434	366.000
729.690	362.000
729.946	356.000
730.203	358.000
730.459	355.000
730.715	347.000
730.972	345.000
731.228	344.000
731.484	341.000
731.740	352.000
731.997	359.000
732.253	365.000
732.509	371.000
732.765	371.000
733.022	359.000
733.278	351.000
733.534	364.000
733.790	363.000
734.046	348.000
734.302	345.000
734.559	359.000
734.815	372.000
735.071	372.000
735.327	358.000
735.583	367.000
735.839	369.000
736.095	364.000
736.352	354.000
736.608	341.000
736.864	352.000
737.120	353.000
737.376	358.000
737.632	351.000
737.888	357.000
738.144	355.000
738.400	354.000
738.656	349.000
738.912	351.000
739.168	346.000
739.424	348.000
739.680	351.000
739.936	347.000
740.192	358.000
740.448	360.000
740.704	371.000
740.960	355.000
741.216	343.000
741.472	349.000
741.727	354.000
741.983	355.000
742.239	368.000
742.495	371.000
742.751	366.000
743.007	367.000
743.263	366.000
743.519	360.000
743.774	366.000
744.030	369.000
744.286	362.000
744.542	354.000
744.798	353.000
745.053	374.000
745.309	365.000
745.565	361.000
745.821	364.000
746.077	356.000
746.332	359.000
746.588	361.000
746.844	364.000
747.099	364.000
747.355	357.000
747.611	357.000
747.867	362.000
748.122	376.000
748.378	368.000
748.634	364.000
748.889	359.000
749.145	360.000
749.401	352.000
749.656	354.000
749.912	360.000
750.167	365.000
750.423	365.000
750.679	360.000
750.934	355.000
751.190	358.000
751.445	358.000
751.701	358.000
751.957	371.000
752.212	372.000
752.468	372.000
752.723	369.000
752.979	362.000
753.234	354.000
753.490	359.000
753.745	359.000
754.001	364.000
754.256	371.000
754.512	371.000
754.767	353.000
755.022	351.000
755.278	364.000
755.533	366.000
755.789	374.000
756.044	360.000
756.300	359.000
756.555	364.000
756.810	364.000
757.066	373.000
757.321	374.000
757.576	379.000
757.832	370.000
758.087	369.000
758.342	373.000
758.598	355.000
758.853	366.000
759.108	356.000
759.364	352.000
759.619	357.000
759.874	364.000
760.129	364.000
760.385	361.000
760.640	360.000
760.895	354.000
761.150	356.000
761.406	366.000
761.661	360.000
761.916	348.000
762.171	347.000
762.426	356.000
762.682	361.000
762.937	360.000
763.192	361.000
763.447	367.000
763.702	351.000
763.957	355.000
764.212	357.000
764.468	357.000
764.723	342.000
764.978	348.000
765.233	358.000
765.488	357.000
765.743	368.000
765.998	358.000
766.253	345.000
766.508	352.000
766.763	354.000
767.018	358.000
767.273	361.000
767.528	358.000
767.783	358.000
768.038	360.000
768.293	365.000
768.548	365.000
768.803	363.000
769.058	366.000
769.313	367.000
769.568	361.000
769.823	368.000
770.078	374.000
770.333	361.000
770.588	347.000
770.843	359.000
771.097	372.000
771.352	365.000
771.607	364.000
771.862	362.000
772.117	361.000
772.372	365.000
772.627	374.000
772.881	355.000
773.136	350.000
773.391	360.000
773.646	373.000
773.901	370.000
774.155	357.000
774.410	351.000
774.665	359.000
774.920	373.000
775.174	362.000
775.429	356.000
775.684	367.000
775.938	371.000
776.193	365.000
776.448	366.000
776.703	369.000
776.957	366.000
777.212	357.000
777.467	362.000
777.721	365.000
777.976	358.000
778.230	358.000
778.485	352.000
778.740	365.000
778.994	370.000
779.249	372.000
779.503	377.000
779.758	370.000
780.013	363.000
780.267	377.000
780.522	376.000
780.776	367.000
781.031	360.000
781.285	352.000
781.540	355.000
781.794	357.000
782.049	366.000
782.303	364.000
782.558	357.000
782.812	357.000
783.067	356.000
783.321	358.000
783.576	357.000
783.830	362.000
784.084	360.000
784.339	361.000
784.593	359.000
784.848	351.000
785.102	354.000
785.356	375.000
785.611	368.000
785.865	350.000
786.119	350.000
786.374	354.000
786.628	363.000
786.882	356.000
787.137	356.000
787.391	376.000
787.645	365.000
787.900	372.000
788.154	385.000
788.408	373.000
788.662	355.000
788.917	351.000
789.171	359.000
789.425	366.000
789.679	363.000
789.934	361.000
790.188	357.000
790.442	348.000
790.696	339.000
790.950	349.000
791.205	354.000
791.459	362.000
791.713	358.000
791.967	356.000
792.221	367.000
792.475	360.000
792.729	358.000
792.984	362.000
793.238	363.000
793.492	360.000
793.746	354.000
794.000	351.000
794.254	353.000
794.508	347.000
794.762	341.000
795.016	339.000
795.270	342.000
795.524	341.000
795.778	358.000
796.032	360.000
796.286	361.000
796.540	355.000
796.794	352.000
797.048	357.000
797.302	353.000
797.556	358.000
797.810	348.000
798.064	349.000
798.318	342.000
798.572	348.000
798.826	354.000
799.079	362.000
799.333	362.000
799.587	363.000
799.841	358.000
800.095	361.000
800.349	355.000
800.603	353.000
800.856	361.000
801.110	360.000
801.364	358.000
801.618	357.000
801.872	356.000
802.125	368.000
802.379	360.000
802.633	346.000
802.887	354.000
803.140	359.000
803.394	368.000
803.648	375.000
803.902	360.000
804.155	351.000
804.409	350.000
804.663	350.000
804.916	355.000
805.170	359.000
805.424	359.000
805.677	364.000
805.931	371.000
806.185	373.000
806.438	361.000
806.692	356.000
806.946	359.000
807.199	360.000
807.453	359.000
807.706	352.000
807.960	356.000
808.213	359.000
808.467	362.000
808.721	370.000
808.974	366.000
809.228	366.000
809.481	367.000
809.735	359.000
809.988	359.000
810.242	371.000
810.495	364.000
810.749	352.000
811.002	355.000
811.255	355.000
811.509	370.000
811.762	370.000
812.016	350.000
812.269	357.000
812.523	350.000
812.776	351.000
813.029	364.000
813.283	371.000
813.536	373.000
813.790	360.000
814.043	347.000
814.296	354.000
814.550	357.000
814.803	354.000
815.056	365.000
815.310	355.000
815.563	336.000
815.816	356.000
816.069	368.000
816.323	361.000
816.576	358.000
816.829	358.000
817.082	366.000
817.336	360.000
817.589	363.000
817.842	355.000
818.095	341.000
818.349	346.000
818.602	359.000
818.855	357.000
819.108	360.000
819.361	355.000
819.614	358.000
819.868	354.000
820.121	343.000
820.374	354.000
820.627	363.000
820.880	368.000
821.133	371.000
821.386	356.000
821.639	354.000
821.892	361.000
822.146	364.000
822.399	362.000
822.652	357.000
822.905	350.000
823.158	359.000
823.411	364.000
823.664	362.000
823.917	358.000
824.170	347.000
824.423	344.000
824.676	346.000
824.929	351.000
825.182	356.000
825.435	357.000
825.687	363.000
825.940	368.000
826.193	354.000
826.446	358.000
826.699	361.000
826.952	356.000
827.205	352.000
827.458	351.000
827.711	353.000
827.964	353.000
828.216	352.000
828.469	348.000
828.722	358.000
828.975	361.000
829.228	358.000
829.480	349.000
829.733	341.000
829.986	341.000
830.239	348.000
830.492	342.000
830.744	350.000
830.997	351.000
831.250	349.000
831.503	354.000
831.755	352.000
832.008	354.000
832.261	352.000
832.513	355.000
832.766	354.000
833.019	358.000
833.271	363.000
833.524	363.000
833.777	349.000
834.029	356.000
834.282	367.000
834.535	372.000
834.787	364.000
835.040	368.000
835.292	369.000
835.545	346.000
835.798	339.000
836.050	357.000
836.303	360.000
836.555	351.000
836.808	343.000
837.060	355.000
837.313	367.000
837.565	346.000
837.818	350.000
838.070	351.000
838.323	346.000
838.575	352.000
838.828	354.000
839.080	356.000
839.333	356.000
839.585	355.000
839.838	358.000
840.090	366.000
840.342	356.000
840.595	362.000
840.847	367.000
841.100	371.000
841.352	357.000
841.604	357.000
841.857	374.000
842.109	370.000
842.361	371.000
842.614	365.000
842.866	361.000
843.118	349.000
843.371	342.000
843.623	343.000
843.875	346.000
844.127	356.000
844.380	363.000
844.632	360.000
844.884	343.000
845.136	359.000
845.389	365.000
845.641	365.000
845.893	353.000
846.145	351.000
846.397	353.000
846.650	362.000
846.902	361.000
847.154	366.000
847.406	362.000
847.658	354.000
847.910	361.000
848.163	361.000
848.415	354.000
848.667	353.000
848.919	357.000
849.171	356.000
849.423	351.000
849.675	349.000
849.927	348.000
850.179	350.000
850.431	347.000
850.683	352.000
850.935	350.000
851.187	350.000
851.439	347.000
851.691	351.000
851.943	352.000
852.195	343.000
852.447	345.000
852.699	348.000
852.951	348.000
853.203	348.000
853.455	357.000
853.707	361.000
853.959	347.000
854.211	338.000
854.463	354.000
854.715	354.000
854.967	358.000
855.218	358.000
855.470	354.000
855.722	368.000
855.974	364.000
856.226	364.000
856.478	376.000
856.729	370.000
856.981	366.000
857.233	366.000
857.485	361.000
857.737	358.000
857.988	358.000
858.240	357.000
858.492	361.000
858.744	353.000
858.995	359.000
859.247	352.000
859.499	360.000
859.751	357.000
860.002	359.000
860.254	360.000
860.506	360.000
860.757	359.000
861.009	370.000
861.261	361.000
861.512	362.000
861.764	362.000
862.015	365.000
862.267	368.000
862.519	371.000
862.770	358.000
863.022	352.000
863.273	358.000
863.525	368.000
863.777	367.000
864.028	374.000
864.280	375.000
864.531	351.000
864.783	344.000
865.034	355.000
865.286	360.000
865.537	354.000
865.789	355.000
866.040	346.000
866.292	349.000
866.543	346.000
866.795	338.000
867.046	340.000
867.297	344.000
867.549	335.000
867.800	345.000
868.052	359.000
868.303	355.000
868.554	361.000
868.806	363.000
869.057	355.000
869.309	356.000
869.560	353.000
869.811	342.000
870.063	351.000
870.314	357.000
870.565	360.000
870.817	351.000
871.068	350.000
871.319	352.000
871.570	362.000
871.822	353.000
872.073	369.000
872.324	379.000
872.575	371.000
872.827	371.000
873.078	365.000
873.329	369.000
873.580	363.000
873.831	349.000
874.083	346.000
874.334	343.000
874.585	356.000
874.836	363.000
875.087	355.000
875.338	350.000
875.590	346.000
875.841	351.000
876.092	362.000
876.343	361.000
876.594	359.000
876.845	364.000
877.096	368.000
877.347	342.000
877.598	337.000
877.849	346.000
878.100	342.000
878.351	341.000
878.602	341.000
878.853	358.000
879.104	363.000
879.355	366.000
879.606	372.000
879.857	371.000
880.108	362.000
880.359	348.000
880.610	349.000
880.861	361.000
881.112	361.000
881.363	350.000
881.614	350.000
881.865	365.000
882.116	368.000
882.367	376.000
882.617	378.000
882.868	374.000
883.119	369.000
883.370	364.000
883.621	368.000
883.872	366.000
884.122	362.000
884.373	362.000
884.624	360.000
884.875	351.000
885.126	350.000
885.376	362.000
885.627	362.000
885.878	357.000
886.129	364.000
886.379	366.000
886.630	371.000
886.881	363.000
887.131	357.000
887.382	358.000
887.633	364.000
887.884	369.000
888.134	357.000
888.385	359.000
888.635	362.000
888.886	375.000
889.137	368.000
889.387	373.000
889.638	361.000
889.889	343.000
890.139	353.000
890.390	361.000
890.640	347.000
890.891	342.000
891.141	351.000
891.392	364.000
891.643	362.000
891.893	351.000
892.144	368.000
892.394	366.000
892.645	359.000
892.895	364.000
893.146	358.000
893.396	365.000
893.647	373.000
893.897	355.000
894.147	348.000
894.398	358.000
894.648	365.000
894.899	380.000
895.149	381.000
895.400	373.000
895.650	371.000
895.900	376.000
896.151	357.000
896.401	348.000
896.651	350.000
896.902	370.000
897.152	377.000
897.402	375.000
897.653	361.000
897.903	368.000
898.153	378.000
898.404	375.000
898.654	376.000
898.904	362.000
899.154	357.000
899.405	363.000
899.655	372.000
899.905	358.000
900.155	358.000
900.406	363.000
900.656	363.000
900.906	360.000
901.156	373.000
901.406	373.000
901.657	356.000
901.907	363.000
902.157	361.000
902.407	352.000
902.657	358.000
902.907	363.000
903.157	352.000
903.407	354.000
903.658	357.000
903.908	352.000
904.158	341.000
904.408	350.000
904.658	352.000
904.908	352.000
905.158	356.000
905.408	356.000
905.658	357.000
905.908	355.000
906.158	363.000
906.408	358.000
906.658	363.000
906.908	358.000
907.158	352.000
907.408	362.000
907.658	370.000
907.908	376.000
908.158	374.000
908.408	367.000
908.657	355.000
908.907	362.000
909.157	365.000
909.407	360.000
909.657	357.000
909.907	346.000
910.157	346.000
910.407	360.000
910.656	359.000
910.906	358.000
911.156	368.000
911.406	367.000
911.656	367.000
911.905	359.000
912.155	347.000
912.405	358.000
912.655	357.000
912.904	359.000
913.154	362.000
913.404	363.000
913.654	355.000
913.903	352.000
914.153	360.000
914.403	351.000
914.652	337.000
914.902	347.000
915.152	366.000
915.401	360.000
915.651	356.000
915.901	351.000
916.150	350.000
916.400	341.000
916.650	344.000
916.899	349.000
917.149	358.000
917.398	372.000
917.648	369.000
917.898	336.000
918.147	332.000
918.397	353.000
918.646	357.000
918.896	351.000
919.145	349.000
919.395	360.000
919.644	351.000
919.894	348.000
920.143	355.000
920.393	367.000
920.642	371.000
920.892	370.000
921.141	370.000
921.391	366.000
921.640	364.000
921.889	363.000
922.139	358.000
922.388	358.000
922.638	352.000
922.887	348.000
923.136	353.000
923.386	359.000
923.635	358.000
923.884	352.000
924.134	359.000
924.383	365.000
924.632	364.000
924.882	371.000
925.131	368.000
925.380	369.000
925.629	363.000
925.879	364.000
926.128	363.000
926.377	363.000
926.626	355.000
926.876	359.000
927.125	358.000
927.374	369.000
927.623	377.000
927.873	367.000
928.122	377.000
928.371	368.000
928.620	370.000
928.869	365.000
929.118	359.000
929.368	359.000
929.617	358.000
929.866	353.000
930.115	356.000
930.364	352.000
930.613	353.000
930.862	361.000
931.111	355.000
931.360	361.000
931.609	365.000
931.858	370.000
932.107	359.000
932.356	349.000
932.605	341.000
932.854	346.000
933.103	356.000
933.352	362.000
933.601	367.000
933.850	368.000
934.099	360.000
934.348	359.000
934.597	364.000
934.846	360.000
935.095	357.000
935.344	369.000
935.593	363.000
935.842	354.000
936.091	361.000
936.340	357.000
936.588	364.000
936.837	364.000
937.086	351.000
937.335	359.000
937.584	360.000
937.833	358.000
938.081	360.000
938.330	348.000
938.579	357.000
938.828	366.000
939.077	364.000
939.325	351.000
939.574	353.000
939.823	361.000
940.072	369.000
940.320	362.000
940.569	363.000
940.818	368.000
941.066	354.000
941.315	355.000
941.564	355.000
941.812	358.000
942.061	354.000
942.310	351.000
942.558	357.000
942.807	353.000
943.056	347.000
943.304	348.000
943.553	354.000
943.802	344.000
944.050	355.000
944.299	361.000
944.547	347.000
944.796	349.000
945.044	362.000
945.293	361.000
945.541	347.000
945.790	353.000
946.038	349.000
946.287	355.000
946.535	353.000
946.784	345.000
947.032	354.000
947.281	353.000
947.529	359.000
947.778	359.000
948.026	354.000
948.275	370.000
948.523	361.000
948.771	347.000
949.020	342.000
949.268	352.000
949.517	355.000
949.765	344.000
950.013	332.000
950.262	332.000
950.510	350.000
950.758	358.000
951.007	362.000
951.255	351.000
951.503	350.000
951.752	354.000
952.000	354.000
952.248	367.000
952.496	366.000
952.745	366.000
952.993	370.000
953.241	361.000
953.489	360.000
953.738	367.000
953.986	372.000
954.234	373.000
954.482	356.000
954.730	356.000
954.979	363.000
955.227	359.000
955.475	362.000
955.723	369.000
955.971	364.000
956.219	361.000
956.468	356.000
956.716	352.000
956.964	351.000
957.212	358.000
957.460	357.000
957.708	363.000
957.956	364.000
958.204	353.000
958.452	355.000
958.700	353.000
958.948	353.000
959.196	362.000
959.444	362.000
959.692	357.000
959.940	361.000
960.188	370.000
960.436	370.000
960.684	375.000
960.932	370.000
961.180	357.000
961.428	350.000
961.676	352.000
961.924	364.000
962.172	369.000
962.420	358.000
962.667	351.000
962.915	353.000
963.163	352.000
963.411	350.000
963.659	349.000
963.907	344.000
964.155	341.000
964.402	347.000
964.650	361.000
964.898	362.000
965.146	355.000
965.394	360.000
965.641	363.000
965.889	350.000
966.137	346.000
966.385	347.000
966.632	353.000
966.880	356.000
967.128	367.000
967.375	365.000
967.623	355.000
967.871	345.000
968.119	347.000
968.366	351.000
968.614	352.000
968.861	352.000
969.109	352.000
969.357	358.000
969.604	365.000
969.852	355.000
970.100	339.000
970.347	338.000
970.595	350.000
970.842	352.000
971.090	356.000
971.337	351.000
971.585	358.000
971.833	349.000
972.080	345.000
972.328	361.000
972.575	365.000
972.823	364.000
973.070	357.000
973.318	362.000
973.565	365.000
973.812	368.000
974.060	369.000
974.307	361.000
974.555	374.000
974.802	377.000
975.050	375.000
975.297	359.000
975.544	352.000
975.792	356.000
976.039	361.000
976.287	350.000
976.534	351.000
976.781	352.000
977.029	352.000
977.276	354.000
977.523	349.000
977.771	343.000
978.018	349.000
978.265	359.000
978.512	361.000
978.760	355.000
979.007	352.000
979.254	352.000
979.501	348.000
979.749	346.000
979.996	350.000
980.243	360.000
980.490	355.000
980.738	365.000
980.985	371.000
981.232	366.000
981.479	352.000
981.726	356.000
981.973	357.000
982.221	366.000
982.468	362.000
982.715	360.000
982.962	360.000
983.209	359.000
983.456	357.000
983.703	360.000
983.950	356.000
984.197	346.000
984.444	344.000
984.691	351.000
984.938	367.000
985.186	373.000
985.433	384.000
985.680	372.000
985.927	363.000
986.174	358.000
986.420	349.000
986.667	347.000
986.914	356.000
987.161	355.000
987.408	357.000
987.655	348.000
987.902	346.000
988.149	354.000
988.396	363.000
988.643	358.000
988.890	357.000
989.137	364.000
989.384	370.000
989.630	364.000
989.877	349.000
990.124	356.000
990.371	358.000
990.618	360.000
990.865	354.000
991.111	352.000
991.358	348.000
991.605	346.000
991.852	354.000
992.098	366.000
992.345	372.000
992.592	366.000
992.839	358.000
993.085	356.000
993.332	355.000
993.579	363.000
993.826	365.000
994.072	362.000
994.319	349.000
994.566	357.000
994.812	357.000
995.059	355.000
995.305	344.000
995.552	338.000
995.799	353.000
996.045	347.000
996.292	345.000
996.539	356.000
996.785	364.000
997.032	364.000
997.278	364.000
997.525	373.000
997.771	366.000
998.018	355.000
998.264	352.000
998.511	364.000
998.757	356.000
999.004	361.000
999.250	359.000
999.497	354.000
999.743	358.000
999.990	356.000
1000.236	351.000
1000.483	350.000
1000.729	351.000
1000.976	351.000
1001.222	350.000
1001.468	354.000
1001.715	360.000
1001.961	369.000
1002.208	367.000
1002.454	354.000
1002.700	350.000
1002.947	362.000
1003.193	374.000
1003.439	381.000
1003.686	372.000
1003.932	359.000
1004.178	359.000
1004.424	358.000
1004.671	365.000
1004.917	372.000
1005.163	362.000
1005.410	352.000
1005.656	339.000
1005.902	349.000
1006.148	355.000
1006.394	357.000
1006.641	354.000
1006.887	362.000
1007.133	364.000
1007.379	359.000
1007.625	358.000
1007.872	348.000
1008.118	358.000
1008.364	367.000
1008.610	374.000
1008.856	367.000
1009.102	358.000
1009.348	352.000
1009.594	350.000
1009.840	350.000
1010.087	357.000
1010.333	356.000
1010.579	359.000
1010.825	349.000
1011.071	355.000
1011.317	356.000
1011.563	345.000
1011.809	358.000
1012.055	380.000
1012.301	373.000
1012.547	369.000
1012.793	352.000
1013.039	358.000
1013.285	350.000
1013.531	346.000
1013.776	359.000
1014.022	355.000
1014.268	356.000
1014.514	362.000
1014.760	360.000
1015.006	358.000
1015.252	360.000
1015.498	365.000
1015.744	365.000
1015.989	367.000
1016.235	366.000
1016.481	366.000
1016.727	361.000
1016.973	360.000
1017.218	364.000
1017.464	359.000
1017.710	360.000
1017.956	368.000
1018.202	368.000
1018.447	364.000
1018.693	368.000
1018.939	375.000
1019.184	367.000
1019.430	363.000
1019.676	350.000
1019.922	345.000
1020.167	347.000
1020.413	343.000
1020.659	350.000
1020.904	355.000
1021.150	361.000
1021.396	351.000
1021.641	363.000
1021.887	366.000
1022.132	358.000
1022.378	363.000
1022.624	356.000
1022.869	356.000
1023.115	361.000
1023.360	355.000
1023.606	357.000
1023.851	348.000
1024.097	352.000
1024.342	353.000
1024.588	348.000
1024.833	336.000
1025.079	350.000
1025.324	369.000
1025.570	363.000
1025.815	360.000
1026.061	347.000
1026.306	357.000
1026.552	361.000
1026.797	360.000
1027.042	361.000
1027.288	359.000
1027.533	351.000
1027.779	353.000
1028.024	366.000
1028.269	366.000
1028.515	367.000
1028.760	376.000
1029.005	385.000
1029.251	375.000
1029.496	372.000
1029.741	371.000
1029.987	366.000
1030.232	364.000
1030.477	343.000
1030.723	345.000
1030.968	350.000
1031.213	361.000
1031.458	360.000
1031.704	361.000
1031.949	363.000
1032.194	373.000
1032.439	374.000
1032.684	366.000
1032.930	365.000
1033.175	363.000
1033.420	358.000
1033.665	360.000
1033.910	363.000
1034.155	363.000
1034.400	366.000
1034.646	362.000
1034.891	356.000
1035.136	366.000
1035.381	374.000
1035.626	372.000
1035.871	368.000
1036.116	366.000
1036.361	362.000
1036.606	356.000
1036.851	359.000
1037.096	369.000
1037.341	386.000
1037.586	384.000
1037.831	378.000
1038.076	356.000
1038.321	341.000
1038.566	343.000
1038.811	347.000
1039.056	347.000
1039.301	346.000
1039.546	351.000
1039.791	349.000
1040.036	351.000
1040.281	360.000
1040.526	348.000
1040.770	338.000
1041.015	337.000
1041.260	349.000
1041.505	343.000
1041.750	356.000
1041.995	361.000
1042.240	360.000
1042.484	370.000
1042.729	363.000
1042.974	357.000
1043.219	358.000
1043.463	359.000
1043.708	360.000
1043.953	359.000
1044.198	356.000
1044.442	342.000
1044.687	339.000
1044.932	360.000
1045.177	373.000
1045.421	357.000
1045.666	351.000
1045.911	352.000
1046.155	350.000
1046.400	356.000
1046.645	361.000
1046.889	358.000
1047.134	367.000
1047.379	378.000
1047.623	377.000
1047.868	368.000
1048.112	364.000
1048.357	353.000
1048.602	358.000
1048.846	368.000
1049.091	366.000
1049.335	373.000
1049.580	372.000
1049.824	381.000
1050.069	384.000
1050.313	376.000
1050.558	352.000
1050.802	346.000
1051.047	354.000
1051.291	366.000
1051.536	362.000
1051.780	354.000
1052.025	351.000
1052.269	358.000
1052.513	351.000
1052.758	353.000
1053.002	350.000
1053.247	341.000
1053.491	341.000
1053.735	367.000
1053.980	361.000
1054.224	361.000
1054.468	363.000
1054.713	360.000
1054.957	343.000
1055.201	347.000
1055.446	346.000
1055.690	357.000
1055.934	363.000
1056.179	362.000
1056.423	368.000
1056.667	379.000
1056.911	376.000
1057.156	361.000
1057.400	366.000
1057.644	370.000
1057.888	367.000
1058.132	360.000
1058.377	354.000
1058.621	367.000
1058.865	369.000
1059.109	355.000
1059.353	358.000
1059.597	358.000
1059.842	359.000
1060.086	359.000
1060.330	368.000
1060.574	365.000
1060.818	374.000
1061.062	376.000
1061.306	387.000
1061.550	377.000
1061.794	364.000
1062.038	361.000
1062.282	366.000
1062.526	370.000
1062.770	374.000
1063.014	371.000
1063.258	372.000
1063.502	368.000
1063.746	350.000
1063.990	351.000
1064.234	357.000
1064.478	350.000
1064.722	345.000
1064.966	355.000
1065.210	351.000
1065.454	354.000
1065.698	357.000
1065.942	365.000
1066.186	365.000
1066.429	374.000
1066.673	358.000
1066.917	353.000
1067.161	360.000
1067.405	357.000
1067.649	352.000
1067.893	344.000
1068.136	342.000
1068.380	347.000
1068.624	355.000
1068.868	363.000
1069.111	359.000
1069.355	359.000
1069.599	369.000
1069.843	370.000
1070.086	373.000
1070.330	380.000
1070.574	376.000
1070.818	360.000
1071.061	358.000
1071.305	354.000
1071.549	350.000
1071.792	353.000
1072.036	364.000
1072.280	362.000
1072.523	348.000
1072.767	358.000
1073.010	348.000
1073.254	356.000
1073.498	355.000
1073.741	366.000
1073.985	373.000
1074.228	363.000
1074.472	362.000
1074.715	375.000
1074.959	363.000
1075.202	358.000
1075.446	350.000
1075.690	360.000
1075.933	364.000
1076.177	359.000
1076.420	365.000
1076.663	378.000
1076.907	372.000
1077.150	368.000
1077.394	363.000
1077.637	357.000
1077.881	367.000
1078.124	348.000
1078.367	337.000
1078.611	352.000
1078.854	365.000
1079.098	361.000
1079.341	363.000
1079.584	366.000
1079.828	359.000
1080.071	358.000
1080.314	365.000
1080.558	372.000
1080.801	361.000
1081.044	355.000
1081.288	362.000
1081.531	362.000
1081.774	356.000
1082.017	359.000
1082.261	357.000
1082.504	348.000
1082.747	350.000
1082.990	366.000
1083.233	366.000
1083.477	365.000
1083.720	361.000
1083.963	365.000
1084.206	365.000
1084.449	367.000
1084.692	361.000
1084.936	359.000
1085.179	351.000
1085.422	363.000
1085.665	367.000
1085.908	362.000
1086.151	359.000
1086.394	350.000
1086.637	350.000
1086.880	352.000
1087.123	359.000
1087.366	357.000
1087.610	368.000
1087.853	365.000
1088.096	361.000
1088.339	351.000
1088.582	360.000
1088.825	356.000
1089.068	355.000
1089.310	354.000
1089.553	347.000
1089.796	346.000
1090.039	355.000
1090.282	354.000
1090.525	356.000
1090.768	362.000
1091.011	364.000
1091.254	354.000
1091.497	353.000
1091.740	367.000
1091.982	365.000
1092.225	359.000
1092.468	361.000
1092.711	367.000
1092.954	357.000
1093.197	367.000
1093.439	361.000
1093.682	361.000
1093.925	365.000
1094.168	367.000
1094.411	369.000
1094.653	360.000
1094.896	355.000
1095.139	354.000
1095.381	356.000
1095.624	352.000
1095.867	355.000
1096.110	363.000
1096.352	371.000
1096.595	370.000
1096.838	360.000
1097.080	360.000
1097.323	372.000
1097.566	379.000
1097.808	370.000
1098.051	370.000
1098.293	368.000
1098.536	367.000
1098.779	368.000
1099.021	359.000
1099.264	356.000
1099.506	359.000
1099.749	351.000
1099.991	365.000