200.003	414.000
200.276	412.000
200.549	405.000
200.822	407.000
201.095	427.000
201.368	418.000
201.641	399.000
201.914	387.000
202.187	392.000
202.460	414.000
202.733	417.000
203.006	386.000
203.279	396.000
203.552	419.000
203.825	423.000
204.098	416.000
204.370	418.000
204.643	414.000
204.916	405.000
205.189	404.000
205.462	403.000
205.735	400.000
206.008	400.000
206.280	411.000
206.553	418.000
206.826	420.000
207.099	414.000
207.372	402.000
207.644	404.000
207.917	400.000
208.190	406.000
208.463	415.000
208.735	406.000
209.008	395.000
209.281	411.000
209.554	425.000
209.826	424.000
210.099	417.000
210.372	418.000
210.645	423.000
210.917	432.000
211.190	431.000
211.463	426.000
211.735	416.000
212.008	407.000
212.281	392.000
212.553	390.000
212.826	399.000
213.098	426.000
213.371	427.000
213.644	407.000
213.916	404.000
214.189	411.000
214.461	406.000
214.734	397.000
215.007	391.000
215.279	396.000
215.552	392.000
215.824	391.000
216.097	405.000
216.369	415.000
216.642	413.000
216.914	425.000
217.187	431.000
217.459	416.000
217.732	402.000
218.004	391.000
218.277	409.000
218.549	444.000
218.822	447.000
219.094	446.000
219.367	435.000
219.639	429.000
219.912	424.000
220.184	407.000
220.456	396.000
220.729	401.000
221.001	404.000
221.274	388.000
221.546	384.000
221.818	397.000
222.091	410.000
222.363	429.000
222.636	420.000
222.908	416.000
223.180	435.000
223.453	449.000
223.725	441.000
223.997	434.000
224.269	429.000
224.542	411.000
224.814	409.000
225.086	422.000
225.359	415.000
225.631	398.000
225.903	408.000
226.175	405.000
226.448	403.000
226.720	412.000
226.992	406.000
227.264	409.000
227.537	409.000
227.809	417.000
228.081	420.000
228.353	414.000
228.625	412.000
228.898	408.000
229.170	407.000
229.442	409.000
229.714	407.000
229.986	392.000
230.258	390.000
230.530	412.000
230.803	414.000
231.075	396.000
231.347	388.000
231.619	396.000
231.891	398.000
232.163	407.000
232.435	398.000
232.707	401.000
232.979	392.000
233.251	403.000
233.523	420.000
233.795	411.000
234.067	397.000
234.339	411.000
234.611	419.000
234.883	402.000
235.155	412.000
235.427	421.000
235.699	429.000
235.971	412.000
236.243	395.000
236.515	415.000
236.787	407.000
237.059	403.000
237.331	408.000
237.603	409.000
237.875	415.000
238.147	401.000
238.419	395.000
238.691	420.000
238.962	439.000
239.234	444.000
239.506	432.000
239.778	414.000
240.050	405.000
240.322	410.000
240.594	425.000
240.865	420.000
241.137	419.000
241.409	408.000
241.681	425.000
241.953	436.000
242.224	416.000
242.496	413.000
242.768	407.000
243.040	409.000
243.312	407.000
243.583	404.000
243.855	404.000
244.127	405.000
244.398	398.000
244.670	398.000
244.942	425.000
245.214	439.000
245.485	419.000
245.757	403.000
246.029	401.000
246.300	398.000
246.572	420.000
246.844	426.000
247.115	430.000
247.387	424.000
247.659	418.000
247.930	416.000
248.202	422.000
248.473	417.000
248.745	422.000
249.017	418.000
249.288	398.000
249.560	405.000
249.831	415.000
250.103	429.000
250.374	442.000
250.646	436.000
250.918	427.000
251.189	424.000
251.461	409.000
251.732	391.000
252.004	393.000
252.275	382.000
252.547	371.000
252.818	388.000
253.090	408.000
253.361	431.000
253.632	439.000
253.904	418.000
254.175	405.000
254.447	405.000
254.718	410.000
254.990	403.000
255.261	406.000
255.532	417.000
255.804	414.000
256.075	415.000
256.347	409.000
256.618	404.000
256.889	410.000
257.161	393.000
257.432	396.000
257.703	400.000
257.975	405.000
258.246	394.000
258.517	387.000
258.789	396.000
259.060	399.000
259.331	400.000
259.603	399.000
259.874	405.000
260.145	414.000
260.416	419.000
260.688	427.000
260.959	409.000
261.230	403.000
261.501	398.000
261.772	404.000
262.044	426.000
262.315	410.000
262.586	392.000
262.857	407.000
263.128	404.000
263.400	407.000
263.671	403.000
263.942	410.000
264.213	402.000
264.484	383.000
264.755	393.000
265.027	404.000
265.298	409.000
265.569	409.000
265.840	394.000
266.111	388.000
266.382	388.000
266.653	377.000
266.924	390.000
267.195	392.000
267.466	374.000
267.737	389.000
268.008	391.000
268.279	398.000
268.550	400.000
268.821	414.000
269.092	410.000
269.363	407.000
269.634	418.000
269.905	418.000
270.176	427.000
270.447	420.000
270.718	399.000
270.989	396.000
271.260	405.000
271.531	408.000
271.802	400.000
272.073	397.000
272.344	410.000
272.615	408.000
272.886	393.000
273.157	386.000
273.427	395.000
273.698	404.000
273.969	388.000
274.240	404.000
274.511	408.000
274.782	396.000
275.053	390.000
275.323	402.000
275.594	414.000
275.865	422.000
276.136	424.000
276.407	413.000
276.677	414.000
276.948	415.000
277.219	415.000
277.490	404.000
277.760	400.000
278.031	398.000
278.302	410.000
278.573	429.000
278.843	426.000
279.114	406.000
279.385	394.000
279.656	401.000
279.926	412.000
280.197	404.000
280.468	401.000
280.738	420.000
281.009	408.000
281.280	392.000
281.550	413.000
281.821	414.000
282.091	428.000
282.362	441.000
282.633	422.000
282.903	403.000
283.174	403.000
283.444	400.000
283.715	412.000
283.986	412.000
284.256	410.000
284.527	400.000
284.797	394.000
285.068	389.000
285.338	391.000
285.609	404.000
285.879	415.000
286.150	408.000
286.420	426.000
286.691	441.000
286.961	433.000
287.232	413.000
287.502	405.000
287.773	406.000
288.043	420.000
288.314	419.000
288.584	408.000
288.854	429.000
289.125	429.000
289.395	411.000
289.666	397.000
289.936	419.000
290.206	436.000
290.477	420.000
290.747	421.000
291.018	422.000
291.288	414.000
291.558	400.000
291.829	407.000
292.099	414.000
292.369	421.000
292.640	439.000
292.910	415.000
293.180	396.000
293.451	414.000
293.721	423.000
293.991	401.000
294.261	388.000
294.532	402.000
294.802	407.000
295.072	408.000
295.342	397.000
295.613	392.000
295.883	404.000
296.153	407.000
296.423	424.000
296.693	443.000
296.964	421.000
297.234	418.000
297.504	402.000
297.774	393.000
298.044	406.000
298.314	410.000
298.585	403.000
298.855	397.000
299.125	388.000
299.395	394.000
299.665	399.000
299.935	402.000
300.205	407.000
300.475	416.000
300.745	427.000
301.015	399.000
301.285	402.000
301.556	416.000
301.826	410.000
302.096	415.000
302.366	415.000
302.636	412.000
302.906	408.000
303.176	412.000
303.446	425.000
303.716	413.000
303.986	404.000
304.256	388.000
304.526	399.000
304.796	411.000
305.065	403.000
305.335	401.000
305.605	395.000
305.875	400.000
306.145	400.000
306.415	399.000
306.685	406.000
306.955	417.000
307.225	412.000
307.495	400.000
307.764	403.000
308.034	416.000
308.304	408.000
308.574	406.000
308.844	399.000
309.114	397.000
309.384	386.000
309.653	385.000
309.923	387.000
310.193	401.000
310.463	403.000
310.732	397.000
311.002	395.000
311.272	397.000
311.542	389.000
311.812	397.000
312.081	417.000
312.351	429.000
312.621	432.000
312.890	419.000
313.160	420.000
313.430	413.000
313.700	415.000
313.969	390.000
314.239	373.000
314.509	388.000
314.778	412.000
315.048	401.000
315.318	376.000
315.587	389.000
315.857	398.000
316.126	401.000
316.396	416.000
316.666	416.000
316.935	410.000
317.205	408.000
317.474	429.000
317.744	435.000
318.013	421.000
318.283	419.000
318.553	416.000
318.822	407.000
319.092	390.000
319.361	392.000
319.631	400.000
319.900	407.000
320.170	400.000
320.439	390.000
320.709	387.000
320.978	387.000
321.248	392.000
321.517	395.000
321.787	397.000
322.056	390.000
322.325	388.000
322.595	393.000
322.864	405.000
323.134	410.000
323.403	480.000
323.672	501.000
323.942	450.000
324.211	448.000
324.481	430.000
324.750	407.000
325.019	398.000
325.289	400.000
325.558	394.000
325.827	397.000
326.097	405.000
326.366	402.000
326.635	424.000
326.905	423.000
327.174	412.000
327.443	406.000
327.712	392.000
327.982	403.000
328.251	410.000
328.520	422.000
328.789	432.000
329.059	421.000
329.328	423.000
329.597	418.000
329.866	401.000
330.135	404.000
330.405	412.000
330.674	404.000
330.943	401.000
331.212	388.000
331.481	397.000
331.751	403.000
332.020	415.000
332.289	418.000
332.558	399.000
332.827	398.000
333.096	409.000
333.365	415.000
333.634	400.000
333.903	399.000
334.173	414.000
334.442	427.000
334.711	429.000
334.980	408.000
335.249	405.000
335.518	407.000
335.787	405.000
336.056	404.000
336.325	412.000
336.594	420.000
336.863	410.000
337.132	393.000
337.401	395.000
337.670	405.000
337.939	409.000
338.208	403.000
338.477	402.000
338.746	394.000
339.015	392.000
339.283	399.000
339.552	418.000
339.821	418.000
340.090	425.000
340.359	416.000
340.628	408.000
340.897	397.000
341.166	394.000
341.435	395.000
341.703	398.000
341.972	404.000
342.241	404.000
342.510	412.000
342.779	412.000
343.048	408.000
343.316	409.000
343.585	402.000
343.854	399.000
344.123	403.000
344.392	424.000
344.660	437.000
344.929	418.000
345.198	403.000
345.467	392.000
345.735	397.000
346.004	408.000
346.273	420.000
346.541	412.000
346.810	390.000
347.079	385.000
347.348	400.000
347.616	404.000
347.885	404.000
348.154	415.000
348.422	416.000
348.691	411.000
348.959	424.000
349.228	421.000
349.497	400.000
349.765	399.000
350.034	392.000
350.303	393.000
350.571	407.000
350.840	414.000
351.108	409.000
351.377	409.000
351.645	414.000
351.914	415.000
352.182	408.000
352.451	402.000
352.720	403.000
352.988	408.000
353.257	422.000
353.525	423.000
353.794	415.000
354.062	410.000
354.330	414.000
354.599	436.000
354.867	423.000
355.136	406.000
355.404	399.000
355.673	405.000
355.941	404.000
356.210	417.000
356.478	432.000
356.746	427.000
357.015	408.000
357.283	400.000
357.552	414.000
357.820	417.000
358.088	414.000
358.357	407.000
358.625	397.000
358.893	422.000
359.162	412.000
359.430	396.000
359.698	397.000
359.967	407.000
360.235	421.000
360.503	416.000
360.771	406.000
361.040	403.000
361.308	414.000
361.576	426.000
361.844	415.000
362.113	413.000
362.381	428.000
362.649	413.000
362.917	405.000
363.186	410.000
363.454	392.000
363.722	394.000
363.990	417.000
364.258	411.000
364.526	416.000
364.795	414.000
365.063	411.000
365.331	406.000
365.599	414.000
365.867	419.000
366.135	409.000
366.403	391.000
366.671	401.000
366.940	398.000
367.208	401.000
367.476	413.000
367.744	394.000
368.012	393.000
368.280	420.000
368.548	420.000
368.816	414.000
369.084	404.000
369.352	410.000
369.620	433.000
369.888	420.000
370.156	407.000
370.424	400.000
370.692	400.000
370.960	407.000
371.228	400.000
371.496	391.000
371.764	389.000
372.032	396.000
372.300	393.000
372.568	393.000
372.836	403.000
373.103	415.000
373.371	404.000
373.639	398.000
373.907	408.000
374.175	409.000
374.443	415.000
374.711	412.000
374.979	399.000
375.246	401.000
375.514	423.000
375.782	429.000
376.050	412.000
376.318	417.000
376.585	419.000
376.853	415.000
377.121	418.000
377.389	417.000
377.657	415.000
377.924	407.000
378.192	397.000
378.460	409.000
378.728	427.000
378.995	435.000
379.263	430.000
379.531	436.000
379.798	428.000
380.066	397.000
380.334	394.000
380.601	395.000
380.869	393.000
381.137	404.000
381.404	420.000
381.672	418.000
381.940	420.000
382.207	425.000
382.475	421.000
382.743	426.000
383.010	436.000
383.278	408.000
383.545	404.000
383.813	409.000
384.081	400.000
384.348	397.000
384.616	407.000
384.883	425.000
385.151	416.000
385.418	410.000
385.686	412.000
385.953	393.000
386.221	394.000
386.488	411.000
386.756	420.000
387.023	424.000
387.291	429.000
387.558	435.000
387.826	423.000
388.093	424.000
388.361	417.000
388.628	416.000
388.895	422.000
389.163	405.000
389.430	396.000
389.698	394.000
389.965	390.000
390.232	401.000
390.500	410.000
390.767	395.000
391.034	399.000
391.302	406.000
391.569	412.000
391.837	394.000
392.104	394.000
392.371	391.000
392.638	391.000
392.906	400.000
393.173	420.000
393.440	434.000
393.708	424.000
393.975	411.000
394.242	407.000
394.509	415.000
394.777	424.000
395.044	412.000
395.311	403.000
395.578	414.000
395.846	420.000
396.113	417.000
396.380	415.000
396.647	417.000
396.914	417.000
397.181	419.000
397.449	423.000
397.716	410.000
397.983	404.000
398.250	426.000
398.517	431.000
398.784	405.000
399.051	396.000
399.319	388.000
399.586	398.000
399.853	405.000
400.120	408.000
400.387	425.000
400.654	434.000
400.921	414.000
401.188	420.000
401.455	428.000
401.722	413.000
401.989	411.000
402.256	422.000
402.523	412.000
402.790	406.000
403.057	405.000
403.324	399.000
403.591	401.000
403.858	404.000
404.125	411.000
404.392	419.000
404.659	416.000
404.926	425.000
405.193	426.000
405.460	419.000
405.727	413.000
405.993	413.000
406.260	421.000
406.527	421.000
406.794	431.000
407.061	436.000
407.328	427.000
407.595	416.000
407.862	407.000
408.128	406.000
408.395	419.000
408.662	429.000
408.929	426.000
409.196	428.000
409.462	427.000
409.729	416.000
409.996	426.000
410.263	443.000
410.530	432.000
410.796	406.000
411.063	405.000
411.330	405.000
411.596	421.000
411.863	423.000
412.130	402.000
412.397	404.000
412.663	405.000
412.930	406.000
413.197	419.000
413.463	431.000
413.730	437.000
413.997	429.000
414.263	430.000
414.530	424.000
414.797	414.000
415.063	410.000
415.330	417.000
415.596	402.000
415.863	407.000
416.130	424.000
416.396	416.000
416.663	414.000
416.929	426.000
417.196	432.000
417.462	428.000
417.729	423.000
417.995	425.000
418.262	407.000
418.528	405.000
418.795	417.000
419.061	430.000
419.328	416.000
419.594	407.000
419.861	422.000
420.127	430.000
420.394	414.000
420.660	416.000
420.927	424.000
421.193	425.000
421.460	425.000
421.726	431.000
421.992	413.000
422.259	404.000
422.525	407.000
422.792	410.000
423.058	402.000
423.324	413.000
423.591	424.000
423.857	429.000
424.123	426.000
424.390	424.000
424.656	419.000
424.922	426.000
425.189	415.000
425.455	398.000
425.721	403.000
425.987	426.000
426.254	432.000
426.520	430.000
426.786	416.000
427.053	398.000
427.319	400.000
427.585	404.000
427.851	410.000
428.117	413.000
428.384	415.000
428.650	421.000
428.916	419.000
429.182	408.000
429.448	412.000
429.715	415.000
429.981	415.000
430.247	407.000
430.513	406.000
430.779	403.000
431.045	391.000
431.311	398.000
431.578	403.000
431.844	420.000
432.110	420.000
432.376	396.000
432.642	410.000
432.908	422.000
433.174	413.000
433.440	428.000
433.706	415.000
433.972	397.000
434.238	408.000
434.504	418.000
434.770	409.000
435.036	396.000
435.302	406.000
435.568	416.000
435.834	420.000
436.100	418.000
436.366	435.000
436.632	444.000
436.898	437.000
437.164	433.000
437.430	424.000
437.696	413.000
437.962	413.000
438.228	402.000
438.493	402.000
438.759	396.000
439.025	399.000
439.291	406.000
439.557	405.000
439.823	415.000
440.089	424.000
440.354	418.000
440.620	407.000
440.886	402.000
441.152	406.000
441.418	413.000
441.684	424.000
441.949	418.000
442.215	404.000
442.481	395.000
442.747	392.000
443.012	401.000
443.278	396.000
443.544	409.000
443.810	417.000
444.075	412.000
444.341	414.000
444.607	422.000
444.872	432.000
445.138	433.000
445.404	426.000
445.669	414.000
445.935	417.000
446.201	428.000
446.466	419.000
446.732	403.000
446.998	408.000
447.263	418.000
447.529	426.000
447.795	433.000
448.060	422.000
448.326	410.000
448.591	396.000
448.857	402.000
449.122	413.000
449.388	406.000
449.654	394.000
449.919	390.000
450.185	394.000
450.450	411.000
450.716	420.000
450.981	413.000
451.247	397.000
451.512	400.000
451.778	416.000
452.043	407.000
452.309	400.000
452.574	405.000
452.839	410.000
453.105	420.000
453.370	421.000
453.636	410.000
453.901	410.000
454.167	412.000
454.432	414.000
454.697	421.000
454.963	428.000
455.228	429.000
455.493	437.000
455.759	439.000
456.024	424.000
456.289	404.000
456.555	399.000
456.820	418.000
457.085	417.000
457.351	432.000
457.616	417.000
457.881	401.000
458.147	410.000
458.412	432.000
458.677	445.000
458.942	445.000
459.208	439.000
459.473	445.000
459.738	443.000
460.003	424.000
460.269	416.000
460.534	422.000
460.799	422.000
461.064	412.000
461.329	428.000
461.594	414.000
461.860	412.000
462.125	420.000
462.390	425.000
462.655	429.000
462.920	440.000
463.185	438.000
463.450	438.000
463.716	443.000
463.981	444.000
464.246	430.000
464.511	424.000
464.776	418.000
465.041	414.000
465.306	421.000
465.571	424.000
465.836	417.000
466.101	420.000
466.366	415.000
466.631	417.000
466.896	419.000
467.161	425.000
467.426	409.000
467.691	410.000
467.956	440.000
468.221	449.000
468.486	433.000
468.751	398.000
469.016	396.000
469.281	416.000
469.546	428.000
469.811	450.000
470.076	448.000
470.340	441.000
470.605	441.000
470.870	435.000
471.135	437.000
471.400	433.000
471.665	421.000
471.930	419.000
472.195	421.000
472.459	420.000
472.724	431.000
472.989	436.000
473.254	433.000
473.519	444.000
473.783	440.000
474.048	434.000
474.313	449.000
474.578	462.000
474.842	452.000
475.107	448.000
475.372	454.000
475.637	458.000
475.901	459.000
476.166	467.000
476.431	466.000
476.696	454.000
476.960	463.000
477.225	470.000
477.490	473.000
477.754	482.000
478.019	485.000
478.284	494.000
478.548	495.000
478.813	487.000
479.077	481.000
479.342	486.000
479.607	484.000
479.871	492.000
480.136	505.000
480.400	512.000
480.665	516.000
480.930	513.000
481.194	522.000
481.459	546.000
481.723	566.000
481.988	588.000
482.252	625.000
482.517	674.000
482.781	718.000
483.046	762.000
483.310	797.000
483.575	859.000
483.839	933.000
484.104	1010.000
484.368	1075.000
484.633	1152.000
484.897	1235.000
485.161	1280.000
485.426	1329.000
485.690	1383.000
485.955	1413.000
486.219	1444.000
486.483	1483.000
486.748	1515.000
487.012	1513.000
487.277	1514.000
487.541	1551.000
487.805	1578.000
488.070	1575.000
488.334	1592.000
488.598	1600.000
488.863	1619.000
489.127	1665.000
489.391	1700.000
489.655	1729.000
489.920	1748.000
490.184	1784.000
490.448	1811.000
490.712	1861.000
490.977	1909.000
491.241	1953.000
491.505	1993.000
491.769	2042.000
492.034	2092.000
492.298	2137.000
492.562	2172.000
492.826	2206.000
493.090	2236.000
493.355	2237.000
493.619	2263.000
493.883	2343.000
494.147	2411.000
494.411	2438.000
494.675	2472.000
494.939	2518.000
495.203	2553.000
495.468	2596.000
495.732	2636.000
495.996	2660.000
496.260	2710.000
496.524	2756.000
496.788	2792.000
497.052	2820.000
497.316	2843.000
497.580	2860.000
497.844	2928.000
498.108	3018.000
498.372	3083.000
498.636	3115.000
498.900	3123.000
499.164	3159.000
499.428	3206.000
499.692	3263.000
499.956	3292.000
500.220	3322.000
500.484	3361.000
500.748	3412.000
501.012	3452.000
501.276	3484.000
501.540	3523.000
501.804	3554.000
502.067	3570.000
502.331	3576.000
502.595	3625.000
502.859	3686.000
503.123	3735.000
503.387	3787.000
503.651	3827.000
503.914	3849.000
504.178	3896.000
504.442	3966.000
504.706	3987.000
504.970	4026.000
505.233	4081.000
505.497	4116.000
505.761	4155.000
506.025	4205.000
506.289	4262.000
506.552	4293.000
506.816	4363.000
507.080	4407.000
507.343	4435.000
507.607	4488.000
507.871	4527.000
508.135	4586.000
508.398	4652.000
508.662	4657.000
508.926	4672.000
509.189	4728.000
509.453	4771.000
509.717	4823.000
509.980	4883.000
510.244	4908.000
510.508	4937.000
510.771	5012.000
511.035	5116.000
511.298	5188.000
511.562	5238.000
511.825	5292.000
512.089	5346.000
512.353	5383.000
512.616	5402.000
512.880	5420.000
513.143	5465.000
513.407	5509.000
513.670	5555.000
513.934	5632.000
514.197	5671.000
514.461	5710.000
514.724	5747.000
514.988	5788.000
515.251	5861.000
515.515	5906.000
515.778	5939.000
516.042	5979.000
516.305	5996.000
516.569	6011.000
516.832	6033.000
517.095	6056.000
517.359	6074.000
517.622	6087.000
517.886	6107.000
518.149	6172.000
518.412	6197.000
518.676	6159.000
518.939	6181.000
519.202	6211.000
519.466	6250.000
519.729	6278.000
519.992	6261.000
520.256	6267.000
520.519	6324.000
520.782	6355.000
521.046	6365.000
521.309	6383.000
521.572	6425.000
521.835	6445.000
522.099	6455.000
522.362	6457.000
522.625	6430.000
522.888	6445.000
523.151	6507.000
523.415	6507.000
523.678	6496.000
523.941	6492.000
524.204	6486.000
524.467	6516.000
524.731	6554.000
524.994	6585.000
525.257	6619.000
525.520	6654.000
525.783	6674.000
526.046	6699.000
526.309	6725.000
526.573	6757.000
526.836	6782.000
527.099	6809.000
527.362	6848.000
527.625	6857.000
527.888	6862.000
528.151	6930.000
528.414	6989.000
528.677	6996.000
528.940	7060.000
529.203	7130.000
529.466	7146.000
529.729	7163.000
529.992	7209.000
530.255	7268.000
530.518	7337.000
530.781	7370.000
531.044	7390.000
531.307	7422.000
531.570	7474.000
531.833	7516.000
532.096	7561.000
532.359	7606.000
532.622	7648.000
532.885	7723.000
533.148	7776.000
533.410	7748.000
533.673	7722.000
533.936	7742.000
534.199	7800.000
534.462	7873.000
534.725	7905.000
534.988	7914.000
535.250	7918.000
535.513	7934.000
535.776	7949.000
536.039	7973.000
536.302	7994.000
536.564	8044.000
536.827	8109.000
537.090	8122.000
537.353	8098.000
537.615	8092.000
537.878	8120.000
538.141	8153.000
538.404	8198.000
538.666	8218.000
538.929	8210.000
539.192	8170.000
539.454	8151.000
539.717	8123.000
539.980	8074.000
540.242	8079.000
540.505	8071.000
540.768	8061.000
541.030	8080.000
541.293	8131.000
541.556	8117.000
541.818	8102.000
542.081	8132.000
542.344	8131.000
542.606	8087.000
542.869	8049.000
543.131	8025.000
543.394	7987.000
543.656	7982.000
543.919	7990.000
544.181	7982.000
544.444	7931.000
544.707	7924.000
544.969	7991.000
545.232	8006.000
545.494	7959.000
545.757	7941.000
546.019	7965.000
546.282	7951.000
546.544	7859.000
546.806	7868.000
547.069	7902.000
547.331	7938.000
547.594	7927.000
547.856	7880.000
548.119	7858.000
548.381	7841.000
548.643	7841.000
548.906	7852.000
549.168	7851.000
549.431	7853.000
549.693	7863.000
549.955	7904.000
550.218	7881.000
550.480	7836.000
550.742	7842.000
551.005	7854.000
551.267	7846.000
551.529	7836.000
551.791	7867.000
552.054	7902.000
552.316	7880.000
552.578	7873.000
552.841	7910.000
553.103	7918.000
553.365	7914.000
553.627	7928.000
553.890	7933.000
554.152	7938.000
554.414	7937.000
554.676	7899.000
554.938	7875.000
555.201	7892.000
555.463	7908.000
555.725	7927.000
555.987	7927.000
556.249	7919.000
556.511	7906.000
556.773	7858.000
557.036	7785.000
557.298	7772.000
557.560	7790.000
557.822	7792.000
558.084	7779.000
558.346	7776.000
558.608	7773.000
558.870	7753.000
559.132	7734.000
559.394	7750.000
559.656	7733.000
559.918	7696.000
560.180	7700.000
560.442	7702.000
560.704	7678.000
560.966	7632.000
561.228	7609.000
561.490	7597.000
561.752	7580.000
562.014	7588.000
562.276	7601.000
562.538	7592.000
562.800	7596.000
563.062	7609.000
563.324	7574.000
563.586	7509.000
563.848	7469.000
564.110	7470.000
564.372	7504.000
564.633	7492.000
564.895	7473.000
565.157	7480.000
565.419	7508.000
565.681	7521.000
565.943	7506.000
566.204	7479.000
566.466	7494.000
566.728	7518.000
566.990	7492.000
567.252	7442.000
567.513	7419.000
567.775	7410.000
568.037	7425.000
568.299	7415.000
568.561	7386.000
568.822	7382.000
569.084	7393.000
569.346	7412.000
569.607	7406.000
569.869	7379.000
570.131	7365.000
570.393	7366.000
570.654	7374.000
570.916	7397.000
571.178	7410.000
571.439	7371.000
571.701	7327.000
571.962	7330.000
572.224	7303.000
572.486	7272.000
572.747	7257.000
573.009	7230.000
573.271	7227.000
573.532	7240.000
573.794	7219.000
574.055	7142.000
574.317	7097.000
574.578	7128.000
574.840	7116.000
575.101	7041.000
575.363	6970.000
575.624	6970.000
575.886	7000.000
576.147	7002.000
576.409	7032.000
576.670	7046.000
576.932	7032.000
577.193	7041.000
577.455	7054.000
577.716	7030.000
577.978	6994.000
578.239	6978.000
578.501	6922.000
578.762	6860.000
579.023	6857.000
579.285	6819.000
579.546	6773.000
579.808	6761.000
580.069	6770.000
580.330	6796.000
580.592	6748.000
580.853	6670.000
581.114	6620.000
581.376	6599.000
581.637	6602.000
581.898	6568.000
582.160	6504.000
582.421	6477.000
582.682	6446.000
582.943	6416.000
583.205	6375.000
583.466	6357.000
583.727	6378.000
583.989	6382.000
584.250	6340.000
584.511	6322.000
584.772	6300.000
585.033	6280.000
585.295	6294.000
585.556	6263.000
585.817	6190.000
586.078	6181.000
586.339	6183.000
586.600	6169.000
586.862	6128.000
587.123	6075.000
587.384	6046.000
587.645	6007.000
587.906	5973.000
588.167	5937.000
588.428	5905.000
588.689	5912.000
588.950	5896.000
589.212	5910.000
589.473	5865.000
589.734	5814.000
589.995	5796.000
590.256	5764.000
590.517	5770.000
590.778	5724.000
591.039	5649.000
591.300	5625.000
591.561	5606.000
591.822	5578.000
592.083	5567.000
592.344	5550.000
592.605	5505.000
592.866	5494.000
593.127	5468.000
593.388	5444.000
593.648	5453.000
593.909	5425.000
594.170	5386.000
594.431	5376.000
594.692	5378.000
594.953	5358.000
595.214	5302.000
595.475	5239.000
595.736	5220.000
595.996	5217.000
596.257	5186.000
596.518	5152.000
596.779	5109.000
597.040	5083.000
597.300	5073.000
597.561	5042.000
597.822	5012.000
598.083	5024.000
598.344	5024.000
598.604	4969.000
598.865	4924.000
599.126	4900.000
599.387	4902.000
599.647	4883.000
599.908	4815.000
600.169	4787.000
600.429	4805.000
600.690	4781.000
600.951	4752.000
601.212	4766.000
601.472	4758.000
601.733	4744.000
601.994	4731.000
602.254	4698.000
602.515	4682.000
602.775	4650.000
603.036	4658.000
603.297	4638.000
603.557	4619.000
603.818	4615.000
604.078	4581.000
604.339	4556.000
604.600	4536.000
604.860	4496.000
605.121	4452.000
605.381	4438.000
605.642	4441.000
605.902	4387.000
606.163	4352.000
606.423	4347.000
606.684	4354.000
606.944	4368.000
607.205	4319.000
607.465	4294.000
607.726	4285.000
607.986	4286.000
608.247	4308.000
608.507	4272.000
608.767	4231.000
609.028	4198.000
609.288	4173.000
609.549	4123.000
609.809	4103.000
610.069	4122.000
610.330	4090.000
610.590	4065.000
610.850	4036.000
611.111	4001.000
611.371	4008.000
611.631	4015.000
611.892	3978.000
612.152	3968.000
612.412	3938.000
612.673	3889.000
612.933	3873.000
613.193	3850.000
613.454	3864.000
613.714	3843.000
613.974	3793.000
614.234	3789.000
614.495	3790.000
614.755	3759.000
615.015	3743.000
615.275	3733.000
615.535	3694.000
615.796	3661.000
616.056	3629.000
616.316	3623.000
616.576	3606.000
616.836	3599.000
617.096	3568.000
617.357	3533.000
617.617	3538.000
617.877	3506.000
618.137	3445.000
618.397	3415.000
618.657	3409.000
618.917	3402.000
619.177	3389.000
619.437	3379.000
619.697	3357.000
619.957	3344.000
620.218	3341.000
620.478	3338.000
620.738	3322.000
620.998	3278.000
621.258	3272.000
621.518	3284.000
621.778	3252.000
622.038	3218.000
622.298	3203.000
622.558	3170.000
622.818	3158.000
623.077	3135.000
623.337	3128.000
623.597	3126.000
623.857	3102.000
624.117	3082.000
624.377	3039.000
624.637	3001.000
624.897	3004.000
625.157	2994.000
625.417	2956.000
625.676	2946.000
625.936	2934.000
626.196	2911.000
626.456	2902.000
626.716	2886.000
626.976	2852.000
627.235	2830.000
627.495	2807.000
627.755	2783.000
628.015	2741.000
628.275	2722.000
628.534	2708.000
628.794	2697.000
629.054	2709.000
629.314	2707.000
629.573	2675.000
629.833	2611.000
630.093	2580.000
630.353	2577.000
630.612	2539.000
630.872	2520.000
631.132	2498.000
631.391	2477.000
631.651	2443.000
631.911	2422.000
632.170	2421.000
632.430	2426.000
632.690	2407.000
632.949	2373.000
633.209	2352.000
633.468	2351.000
633.728	2342.000
633.988	2328.000
634.247	2320.000
634.507	2317.000
634.766	2309.000
635.026	2273.000
635.285	2232.000
635.545	2215.000
635.804	2221.000
636.064	2201.000
636.323	2150.000
636.583	2130.000
636.842	2127.000
637.102	2100.000
637.361	2081.000
637.621	2062.000
637.880	2052.000
638.140	2055.000
638.399	2071.000
638.659	2063.000
638.918	2016.000
639.177	1990.000
639.437	1977.000
639.696	1953.000
639.956	1922.000
640.215	1917.000
640.474	1908.000
640.734	1891.000
640.993	1875.000
641.252	1877.000
641.512	1853.000
641.771	1810.000
642.030	1790.000
642.290	1781.000
642.549	1779.000
642.808	1772.000
643.068	1747.000
643.327	1716.000
643.586	1732.000
643.845	1750.000
644.105	1749.000
644.364	1720.000
644.623	1696.000
644.882	1702.000
645.142	1692.000
645.401	1687.000
645.660	1653.000
645.919	1627.000
646.178	1625.000
646.437	1623.000
646.697	1605.000
646.956	1588.000
647.215	1595.000
647.474	1600.000
647.733	1575.000
647.992	1569.000
648.251	1566.000
648.510	1555.000
648.770	1552.000
649.029	1536.000
649.288	1526.000
649.547	1513.000
649.806	1496.000
650.065	1481.000
650.324	1467.000
650.583	1449.000
650.842	1453.000
651.101	1465.000
651.360	1463.000
651.619	1431.000
651.878	1420.000
652.137	1399.000
652.396	1378.000
652.655	1379.000
652.914	1367.000
653.173	1362.000
653.432	1371.000
653.691	1357.000
653.950	1332.000
654.208	1334.000
654.467	1340.000
654.726	1334.000
654.985	1317.000
655.244	1295.000
655.503	1294.000
655.762	1302.000
656.021	1282.000
656.279	1267.000
656.538	1265.000
656.797	1258.000
657.056	1228.000
657.315	1220.000
657.573	1236.000
657.832	1243.000
658.091	1234.000
658.350	1192.000
658.609	1165.000
658.867	1169.000
659.126	1158.000
659.385	1152.000
659.643	1153.000
659.902	1158.000
660.161	1141.000
660.420	1118.000
660.678	1109.000
660.937	1112.000
661.196	1111.000
661.454	1120.000
661.713	1096.000
661.972	1068.000
662.230	1071.000
662.489	1078.000
662.747	1064.000
663.006	1059.000
663.265	1044.000
663.523	1039.000
663.782	1039.000
664.040	1026.000
664.299	1016.000
664.558	999.000
664.816	989.000
665.075	989.000
665.333	1001.000
665.592	977.000
665.850	965.000
666.109	979.000
666.367	976.000
666.626	995.000
666.884	991.000
667.143	979.000
667.401	972.000
667.660	951.000
667.918	940.000
668.176	938.000
668.435	942.000
668.693	940.000
668.952	929.000
669.210	908.000
669.468	891.000
669.727	903.000
669.985	915.000
670.244	904.000
670.502	885.000
670.760	876.000
671.019	853.000
671.277	843.000
671.535	868.000
671.794	886.000
672.052	892.000
672.310	869.000
672.569	837.000
672.827	824.000
673.085	822.000
673.343	824.000
673.602	817.000
673.860	823.000
674.118	817.000
674.376	797.000
674.634	779.000
674.893	786.000
675.151	797.000
675.409	779.000
675.667	782.000
675.925	769.000
676.184	753.000
676.442	764.000
676.700	781.000
676.958	778.000
677.216	768.000
677.474	748.000
677.732	747.000
677.990	757.000
678.249	734.000
678.507	722.000
678.765	742.000
679.023	739.000
679.281	735.000
679.539	733.000
679.797	724.000
680.055	712.000
680.313	708.000
680.571	711.000
680.829	700.000
681.087	698.000
681.345	703.000
681.603	709.000
681.861	704.000
682.119	684.000
682.377	681.000
682.635	677.000
682.893	679.000
683.151	677.000
683.409	665.000
683.667	665.000
683.924	672.000
684.182	672.000
684.440	669.000
684.698	656.000
684.956	658.000
685.214	676.000
685.472	678.000
685.729	677.000
685.987	659.000
686.245	632.000
686.503	639.000
686.761	654.000
687.019	653.000
687.276	640.000
687.534	622.000
687.792	614.000
688.050	613.000
688.307	612.000
688.565	613.000
688.823	616.000
689.081	610.000
689.338	608.000
689.596	601.000
689.854	596.000
690.111	599.000
690.369	583.000
690.627	589.000
690.884	595.000
691.142	588.000
691.400	581.000
691.657	569.000
691.915	566.000
692.173	593.000
692.430	607.000
692.688	587.000
692.945	563.000
693.203	583.000
693.461	578.000
693.718	564.000
693.976	556.000
694.233	563.000
694.491	571.000
694.748	565.000
695.006	553.000
695.263	551.000
695.521	559.000
695.778	573.000
696.036	566.000
696.293	560.000
696.551	550.000
696.808	540.000
697.066	542.000
697.323	549.000
697.581	543.000
697.838	535.000
698.095	524.000
698.353	532.000
698.610	541.000
698.868	543.000
699.125	543.000
699.382	532.000
699.640	512.000
699.897	509.000
700.154	518.000
700.412	517.000
700.669	518.000
700.926	513.000
701.184	505.000
701.441	501.000
701.698	508.000
701.956	513.000
702.213	521.000
702.470	521.000
702.727	501.000
702.985	509.000
703.242	511.000
703.499	508.000
703.756	519.000
704.014	503.000
704.271	485.000
704.528	502.000
704.785	514.000
705.042	525.000
705.299	519.000
705.557	484.000
705.814	484.000
706.071	494.000
706.328	508.000
706.585	501.000
706.842	486.000
707.099	478.000
707.356	488.000
707.614	493.000
707.871	485.000
708.128	471.000
708.385	473.000
708.642	479.000
708.899	473.000
709.156	477.000
709.413	483.000
709.670	496.000
709.927	487.000
710.184	483.000
710.441	492.000
710.698	488.000
710.955	476.000
711.212	458.000
711.469	461.000
711.726	474.000
711.983	455.000
712.240	453.000
712.497	461.000
712.753	465.000
713.010	463.000
713.267	458.000
713.524	462.000
713.781	469.000
714.038	478.000
714.295	479.000
714.552	468.000
714.808	468.000
715.065	457.000
715.322	461.000
715.579	472.000
715.836	465.000
716.093	480.000
716.349	476.000
716.606	463.000
716.863	459.000
717.120	443.000
717.376	445.000
717.633	450.000
717.890	458.000
718.147	459.000
718.403	453.000
718.660	454.000
718.917	448.000
719.173	444.000
719.430	463.000
719.687	471.000
719.943	458.000
720.200	440.000
720.457	433.000
720.713	456.000
720.970	461.000
721.227	448.000
721.483	453.000
721.740	450.000
721.996	439.000
722.253	434.000
722.510	432.000
722.766	426.000
723.023	420.000
723.279	426.000
723.536	436.000
723.792	446.000
724.049	442.000
724.305	442.000
724.562	449.000
724.818	459.000
725.075	458.000
725.331	433.000
725.588	410.000
725.844	423.000
726.101	444.000
726.357	457.000
726.614	455.000
726.870	443.000
727.126	442.000
727.383	444.000
727.639	439.000
727.896	427.000
728.152	422.000
728.408	427.000
728.665	424.000
728.921	429.000
729.177	424.000
729.434	419.000
729.690	425.000
729.946	429.000
730.203	436.000
730.459	446.000
730.715	439.000
730.972	429.000
731.228	420.000
731.484	412.000
731.740	428.000
731.997	429.000
732.253	423.000
732.509	437.000
732.765	444.000
733.022	430.000
733.278	410.000
733.534	403.000
733.790	414.000
734.046	409.000
734.302	409.000
734.559	408.000
734.815	430.000
735.071	441.000
735.327	413.000
735.583	413.000
735.839	418.000
736.095	411.000
736.352	415.000
736.608	430.000
736.864	433.000
737.120	430.000
737.376	429.000
737.632	428.000
737.888	433.000
738.144	425.000
738.400	422.000
738.656	430.000
738.912	437.000
739.168	437.000
739.424	434.000
739.680	435.000
739.936	421.000
740.192	422.000
740.448	428.000
740.704	423.000
740.960	414.000
741.216	406.000
741.472	415.000
741.727	418.000
741.983	392.000
742.239	409.000
742.495	431.000
742.751	425.000
743.007	415.000
743.263	415.000
743.519	409.000
743.774	415.000
744.030	432.000
744.286	429.000
744.542	428.000
744.798	417.000
745.053	419.000
745.309	432.000
745.565	424.000
745.821	410.000
746.077	410.000
746.332	404.000
746.588	422.000
746.844	431.000
747.099	427.000
747.355	416.000
747.611	412.000
747.867	411.000
748.122	414.000
748.378	421.000
748.634	414.000
748.889	418.000
749.145	422.000
749.401	425.000
749.656	428.000
749.912	416.000
750.167	415.000
750.423	417.000
750.679	417.000
750.934	411.000
751.190	410.000
751.445	406.000
751.701	415.000
751.957	429.000
752.212	408.000
752.468	411.000
752.723	422.000
752.979	422.000
753.234	409.000
753.490	420.000
753.745	430.000
754.001	426.000
754.256	432.000
754.512	417.000
754.767	411.000
755.022	429.000
755.278	421.000
755.533	426.000
755.789	423.000
756.044	421.000
756.300	421.000
756.555	420.000
756.810	425.000
757.066	404.000
757.321	402.000
757.576	425.000
757.832	449.000
758.087	446.000
758.342	423.000
758.598	414.000
758.853	411.000
759.108	407.000
759.364	397.000
759.619	401.000
759.874	402.000
760.129	432.000
760.385	434.000
760.640	433.000
760.895	424.000
761.150	408.000
761.406	422.000
761.661	416.000
761.916	404.000
762.171	410.000
762.426	417.000
762.682	411.000
762.937	409.000
763.192	424.000
763.447	436.000
763.702	429.000
763.957	417.000
764.212	422.000
764.468	419.000
764.723	406.000
764.978	404.000
765.233	407.000
765.488	408.000
765.743	420.000
765.998	427.000
766.253	415.000
766.508	419.000
766.763	416.000
767.018	424.000
767.273	425.000
767.528	406.000
767.783	408.000
768.038	403.000
768.293	405.000
768.548	398.000
768.803	412.000
769.058	412.000
769.313	402.000
769.568	396.000
769.823	414.000
770.078	428.000
770.333	422.000
770.588	420.000
770.843	430.000
771.097	432.000
771.352	414.000
771.607	411.000
771.862	415.000
772.117	417.000
772.372	423.000
772.627	426.000
772.881	419.000
773.136	417.000
773.391	415.000
773.646	422.000
773.901	423.000
774.155	389.000
774.410	390.000
774.665	390.000
774.920	393.000
775.174	398.000
775.429	398.000
775.684	404.000
775.938	423.000
776.193	408.000
776.448	403.000
776.703	399.000
776.957	408.000
777.212	409.000
777.467	421.000
777.721	413.000
777.976	413.000
778.230	412.000
778.485	420.000
778.740	418.000
778.994	420.000
779.249	405.000
779.503	415.000
779.758	424.000
780.013	410.000
780.267	408.000
780.522	409.000
780.776	403.000
781.031	398.000
781.285	398.000
781.540	409.000
781.794	396.000
782.049	397.000
782.303	408.000
782.558	414.000
782.812	421.000
783.067	423.000
783.321	416.000
783.576	406.000
783.830	418.000
784.084	412.000
784.339	399.000
784.593	391.000
784.848	386.000
785.102	397.000
785.356	403.000
785.611	419.000
785.865	421.000
786.119	402.000
786.374	401.000
786.628	425.000
786.882	417.000
787.137	406.000
787.391	404.000
787.645	416.000
787.900	426.000
788.154	425.000
788.408	407.000
788.662	399.000
788.917	402.000
789.171	418.000
789.425	417.000
789.679	410.000
789.934	408.000
790.188	405.000
790.442	392.000
790.696	385.000
790.950	407.000
791.205	415.000
791.459	409.000
791.713	405.000
791.967	407.000
792.221	421.000
792.475	412.000
792.729	416.000
792.984	410.000
793.238	409.000
793.492	403.000
793.746	411.000
794.000	403.000
794.254	397.000
794.508	383.000
794.762	384.000
795.016	405.000
795.270	405.000
795.524	395.000
795.778	407.000
796.032	431.000
796.286	427.000
796.540	408.000
796.794	402.000
797.048	409.000
797.302	420.000
797.556	405.000
797.810	385.000
798.064	380.000
798.318	380.000
798.572	381.000
798.826	399.000
799.079	400.000
799.333	391.000
799.587	402.000
799.841	408.000
800.095	396.000
800.349	388.000
800.603	394.000
800.856	396.000
801.110	394.000
801.364	413.000
801.618	414.000
801.872	402.000
802.125	406.000
802.379	415.000
802.633	404.000
802.887	410.000
803.140	416.000
803.394	410.000
803.648	391.000
803.902	371.000
804.155	366.000
804.409	386.000
804.663	384.000
804.916	392.000
805.170	408.000
805.424	404.000
805.677	393.000
805.931	396.000
806.185	406.000
806.438	405.000
806.692	396.000
806.946	396.000
807.199	405.000
807.453	402.000
807.706	390.000
807.960	403.000
808.213	417.000
808.467	416.000
808.721	421.000
808.974	420.000
809.228	417.000
809.481	420.000
809.735	417.000
809.988	422.000
810.242	415.000
810.495	400.000
810.749	389.000
811.002	387.000
811.255	392.000
811.509	410.000
811.762	424.000
812.016	424.000
812.269	422.000
812.523	407.000
812.776	388.000
813.029	395.000
813.283	403.000
813.536	401.000
813.790	393.000
814.043	390.000
814.296	392.000
814.550	387.000
814.803	396.000
815.056	395.000
815.310	383.000
815.563	387.000
815.816	393.000
816.069	401.000
816.323	404.000
816.576	405.000
816.829	408.000
817.082	408.000
817.336	403.000
817.589	408.000
817.842	396.000
818.095	379.000
818.349	381.000
818.602	385.000
818.855	405.000
819.108	414.000
819.361	404.000
819.614	404.000
819.868	390.000
820.121	401.000
820.374	396.000
820.627	388.000
820.880	411.000
821.133	416.000
821.386	408.000
821.639	397.000
821.892	408.000
822.146	417.000
822.399	405.000
822.652	398.000
822.905	395.000
823.158	403.000
823.411	408.000
823.664	409.000
823.917	423.000
824.170	413.000
824.423	392.000
824.676	402.000
824.929	408.000
825.182	410.000
825.435	406.000
825.687	412.000
825.940	409.000
826.193	406.000
826.446	406.000
826.699	407.000
826.952	397.000
827.205	392.000
827.458	405.000
827.711	411.000
827.964	397.000
828.216	401.000
828.469	426.000
828.722	419.000
828.975	421.000
829.228	404.000
829.480	396.000
829.733	394.000
829.986	400.000
830.239	398.000
830.492	382.000
830.744	385.000
830.997	405.000
831.250	429.000
831.503	412.000
831.755	414.000
832.008	421.000
832.261	424.000
832.513	407.000
832.766	390.000
833.019	385.000
833.271	386.000
833.524	388.000
833.777	381.000
834.029	402.000
834.282	408.000
834.535	412.000
834.787	396.000
835.040	380.000
835.292	389.000
835.545	399.000
835.798	392.000
836.050	406.000
836.303	417.000
836.555	407.000
836.808	398.000
837.060	392.000
837.313	389.000
837.565	380.000
837.818	382.000
838.070	397.000
838.323	393.000
838.575	397.000
838.828	408.000
839.080	405.000
839.333	410.000
839.585	416.000
839.838	401.000
840.090	401.000
840.342	400.000
840.595	406.000
840.847	407.000
841.100	391.000
841.352	408.000
841.604	410.000
841.857	413.000
842.109	417.000
842.361	412.000
842.614	410.000
842.866	424.000
843.118	420.000
843.371	404.000
843.623	398.000
843.875	405.000
844.127	417.000
844.380	425.000
844.632	409.000
844.884	398.000
845.136	401.000
845.389	415.000
845.641	408.000
845.893	378.000
846.145	382.000
846.397	400.000
846.650	402.000
846.902	393.000
847.154	406.000
847.406	399.000
847.658	405.000
847.910	415.000
848.163	406.000
848.415	408.000
848.667	414.000
848.919	428.000
849.171	416.000
849.423	401.000
849.675	398.000
849.927	407.000
850.179	402.000
850.431	387.000
850.683	401.000
850.935	402.000
851.187	402.000
851.439	407.000
851.691	399.000
851.943	398.000
852.195	400.000
852.447	397.000
852.699	399.000
852.951	397.000
853.203	383.000
853.455	390.000
853.707	403.000
853.959	410.000
854.211	415.000
854.463	410.000
854.715	407.000
854.967	405.000
855.218	394.000
855.470	391.000
855.722	403.000
855.974	410.000
856.226	405.000
856.478	428.000
856.729	422.000
856.981	417.000
857.233	422.000
857.485	420.000
857.737	405.000
857.988	414.000
858.240	416.000
858.492	415.000
858.744	406.000
858.995	402.000
859.247	409.000
859.499	414.000
859.751	415.000
860.002	408.000
860.254	391.000
860.506	384.000
860.757	388.000
861.009	398.000
861.261	390.000
861.512	419.000
861.764	426.000
862.015	430.000
862.267	428.000
862.519	413.000
862.770	416.000
863.022	401.000
863.273	379.000
863.525	395.000
863.777	407.000
864.028	387.000
864.280	396.000
864.531	391.000
864.783	387.000
865.034	382.000
865.286	392.000
865.537	394.000
865.789	398.000
866.040	398.000
866.292	391.000
866.543	397.000
866.795	385.000
867.046	398.000
867.297	407.000
867.549	405.000
867.800	394.000
868.052	381.000
868.303	381.000
868.554	395.000
868.806	406.000
869.057	410.000
869.309	415.000
869.560	410.000
869.811	399.000
870.063	398.000
870.314	405.000
870.565	410.000
870.817	409.000
871.068	401.000
871.319	399.000
871.570	403.000
871.822	390.000
872.073	402.000
872.324	401.000
872.575	396.000
872.827	410.000
873.078	393.000
873.329	376.000
873.580	374.000
873.831	375.000
874.083	378.000
874.334	382.000
874.585	382.000
874.836	385.000
875.087	387.000
875.338	388.000
875.590	397.000
875.841	412.000
876.092	405.000
876.343	403.000
876.594	402.000
876.845	404.000
877.096	403.000
877.347	393.000
877.598	384.000
877.849	391.000
878.100	402.000
878.351	393.000
878.602	392.000
878.853	398.000
879.104	399.000
879.355	408.000
879.606	410.000
879.857	408.000
880.108	393.000
880.359	379.000
880.610	380.000
880.861	394.000
881.112	405.000
881.363	399.000
881.614	390.000
881.865	392.000
882.116	406.000
882.367	416.000
882.617	405.000
882.868	406.000
883.119	411.000
883.370	406.000
883.621	403.000
883.872	400.000
884.122	397.000
884.373	396.000
884.624	380.000
884.875	375.000
885.126	395.000
885.376	405.000
885.627	405.000
885.878	416.000
886.129	422.000
886.379	419.000
886.630	420.000
886.881	415.000
887.131	396.000
887.382	389.000
887.633	408.000
887.884	428.000
888.134	419.000
888.385	425.000
888.635	421.000
888.886	420.000
889.137	414.000
889.387	398.000
889.638	396.000
889.889	402.000
890.139	412.000
890.390	420.000
890.640	417.000
890.891	414.000
891.141	399.000
891.392	391.000
891.643	392.000
891.893	397.000
892.144	407.000
892.394	426.000
892.645	420.000
892.895	410.000
893.146	419.000
893.396	414.000
893.647	423.000
893.897	409.000
894.147	398.000
894.398	392.000
894.648	391.000
894.899	398.000
895.149	398.000
895.400	409.000
895.650	420.000
895.900	432.000
896.151	435.000
896.401	413.000
896.651	405.000
896.902	403.000
897.152	413.000
897.402	412.000
897.653	399.000
897.903	406.000
898.153	407.000
898.404	400.000
898.654	394.000
898.904	402.000
899.154	417.000
899.405	417.000
899.655	404.000
899.905	394.000
900.155	397.000
900.406	406.000
900.656	389.000
900.906	389.000
901.156	408.000
901.406	421.000
901.657	405.000
901.907	402.000
902.157	404.000
902.407	394.000
902.657	394.000
902.907	393.000
903.157	395.000
903.407	386.000
903.658	391.000
903.908	391.000
904.158	384.000
904.408	395.000
904.658	397.000
904.908	402.000
905.158	396.000
905.408	398.000
905.658	399.000
905.908	404.000
906.158	394.000
906.408	383.000
906.658	373.000
906.908	372.000
907.158	380.000
907.408	405.000
907.658	421.000
907.908	416.000
908.158	424.000
908.408	435.000
908.657	415.000
908.907	402.000
909.157	399.000
909.407	401.000
909.657	398.000
909.907	393.000
910.157	393.000
910.407	410.000
910.656	410.000
910.906	397.000
911.156	394.000
911.406	407.000
911.656	408.000
911.905	396.000
912.155	395.000
912.405	407.000
912.655	398.000
912.904	394.000
913.154	413.000
913.404	411.000
913.654	398.000
913.903	393.000
914.153	401.000
914.403	394.000
914.652	391.000
914.902	399.000
915.152	409.000
915.401	403.000
915.651	402.000
915.901	414.000
916.150	410.000
916.400	405.000
916.650	409.000
916.899	421.000
917.149	410.000
917.398	400.000
917.648	396.000
917.898	393.000
918.147	398.000
918.397	396.000
918.646	395.000
918.896	395.000
919.145	405.000
919.395	418.000
919.644	424.000
919.894	421.000
920.143	398.000
920.393	390.000
920.642	406.000
920.892	418.000
921.141	413.000
921.391	410.000
921.640	396.000
921.889	401.000
922.139	410.000
922.388	402.000
922.638	397.000
922.887	383.000
923.136	404.000
923.386	408.000
923.635	391.000
923.884	384.000
924.134	408.000
924.383	421.000
924.632	423.000
924.882	417.000
925.131	405.000
925.380	420.000
925.629	411.000
925.879	393.000
926.128	400.000
926.377	417.000
926.626	401.000
926.876	388.000
927.125	388.000
927.374	398.000
927.623	411.000
927.873	411.000
928.122	414.000
928.371	420.000
928.620	424.000
928.869	420.000
929.118	411.000
929.368	404.000
929.617	398.000
929.866	409.000
930.115	411.000
930.364	394.000
930.613	411.000
930.862	440.000
931.111	426.000
931.360	412.000
931.609	409.000
931.858	409.000
932.107	417.000
932.356	404.000
932.605	400.000
932.854	408.000
933.103	411.000
933.352	410.000
933.601	419.000
933.850	432.000
934.099	412.000
934.348	403.000
934.597	402.000
934.846	407.000
935.095	399.000
935.344	402.000
935.593	401.000
935.842	398.000
936.091	412.000
936.340	411.000
936.588	410.000
936.837	409.000
937.086	386.000
937.335	394.000
937.584	398.000
937.833	408.000
938.081	407.000
938.330	396.000
938.579	389.000
938.828	394.000
939.077	389.000
939.325	397.000
939.574	417.000
939.823	402.000
940.072	368.000
940.320	371.000
940.569	383.000
940.818	396.000
941.066	395.000
941.315	411.000
941.564	410.000
941.812	395.000
942.061	392.000
942.310	397.000
942.558	393.000
942.807	404.000
943.056	413.000
943.304	414.000
943.553	415.000
943.802	407.000
944.050	407.000
944.299	403.000
944.547	392.000
944.796	394.000
945.044	396.000
945.293	385.000
945.541	374.000
945.790	386.000
946.038	397.000
946.287	406.000
946.535	403.000
946.784	394.000
947.032	393.000
947.281	400.000
947.529	409.000
947.778	406.000
948.026	396.000
948.275	399.000
948.523	394.000
948.771	385.000
949.020	395.000
949.268	407.000
949.517	410.000
949.765	401.000
950.013	393.000
950.262	387.000
950.510	396.000
950.758	412.000
951.007	410.000
951.255	398.000
951.503	390.000
951.752	398.000
952.000	409.000
952.248	424.000
952.496	441.000
952.745	436.000
952.993	419.000
953.241	413.000
953.489	398.000
953.738	399.000
953.986	418.000
954.234	414.000
954.482	417.000
954.730	421.000
954.979	426.000
955.227	419.000
955.475	420.000
955.723	416.000
955.971	405.000
956.219	398.000
956.468	391.000
956.716	384.000
956.964	377.000
957.212	411.000
957.460	419.000
957.708	404.000
957.956	400.000
958.204	405.000
958.452	406.000
958.700	391.000
958.948	398.000
959.196	397.000
959.444	392.000
959.692	383.000
959.940	386.000
960.188	402.000
960.436	413.000
960.684	416.000
960.932	414.000
961.180	401.000
961.428	398.000
961.676	402.000
961.924	404.000
962.172	407.000
962.420	417.000
962.667	408.000
962.915	401.000
963.163	386.000
963.411	378.000
963.659	396.000
963.907	399.000
964.155	408.000
964.402	396.000
964.650	393.000
964.898	402.000
965.146	395.000
965.394	413.000
965.641	419.000
965.889	398.000
966.137	404.000
966.385	403.000
966.632	386.000
966.880	386.000
967.128	394.000
967.375	400.000
967.623	399.000
967.871	392.000
968.119	391.000
968.366	408.000
968.614	409.000
968.861	401.000
969.109	389.000
969.357	404.000
969.604	402.000
969.852	391.000
970.100	377.000
970.347	365.000
970.595	377.000
970.842	395.000
971.090	420.000
971.337	418.000
971.585	407.000
971.833	384.000
972.080	398.000
972.328	412.000
972.575	389.000
972.823	386.000
973.070	397.000
973.318	396.000
973.565	389.000
973.812	389.000
974.060	405.000
974.307	418.000
974.555	407.000
974.802	405.000
975.050	401.000
975.297	391.000
975.544	399.000
975.792	408.000
976.039	407.000
976.287	410.000
976.534	405.000
976.781	390.000
977.029	377.000
977.276	379.000
977.523	381.000
977.771	395.000
978.018	399.000
978.265	400.000
978.512	401.000
978.760	416.000
979.007	422.000
979.254	413.000
979.501	392.000
979.749	382.000
979.996	391.000
980.243	396.000
980.490	394.000
980.738	399.000
980.985	392.000
981.232	398.000
981.479	391.000
981.726	397.000
981.973	412.000
982.221	426.000
982.468	417.000
982.715	394.000
982.962	411.000
983.209	419.000
983.456	426.000
983.703	420.000
983.950	417.000
984.197	405.000
984.444	381.000
984.691	378.000
984.938	396.000
985.186	409.000
985.433	407.000
985.680	409.000
985.927	408.000
986.174	402.000
986.420	401.000
986.667	404.000
986.914	405.000
987.161	402.000
987.408	413.000
987.655	408.000
987.902	403.000
988.149	398.000
988.396	397.000
988.643	387.000
988.890	384.000
989.137	410.000
989.384	415.000
989.630	387.000
989.877	369.000
990.124	383.000
990.371	401.000
990.618	408.000
990.865	405.000
991.111	396.000
991.358	394.000
991.605	392.000
991.852	400.000
992.098	397.000
992.345	404.000
992.592	402.000
992.839	403.000
993.085	406.000
993.332	403.000
993.579	406.000
993.826	421.000
994.072	417.000
994.319	396.000
994.566	393.000
994.812	398.000
995.059	414.000
995.305	405.000
995.552	380.000
995.799	387.000
996.045	380.000
996.292	384.000
996.539	396.000
996.785	415.000
997.032	420.000
997.278	414.000
997.525	417.000
997.771	420.000
998.018	405.000
998.264	388.000
998.511	398.000
998.757	409.000
999.004	411.000
999.250	411.000
999.497	419.000
999.743	421.000
999.990	408.000
1000.236	396.000
1000.483	391.000
1000.729	397.000
1000.976	393.000
1001.222	388.000
1001.468	407.000
1001.715	417.000
1001.961	412.000
1002.208	409.000
1002.454	410.000
1002.700	404.000
1002.947	396.000
1003.193	388.000
1003.439	405.000
1003.686	400.000
1003.932	386.000
1004.178	383.000
1004.424	392.000
1004.671	388.000
1004.917	397.000
1005.163	403.000
1005.410	402.000
1005.656	401.000
1005.902	395.000
1006.148	376.000
1006.394	387.000
1006.641	404.000
1006.887	410.000
1007.133	405.000
1007.379	390.000
1007.625	401.000
1007.872	393.000
1008.118	403.000
1008.364	413.000
1008.610	414.000
1008.856	402.000
1009.102	407.000
1009.348	411.000
1009.594	406.000
1009.840	398.000
1010.087	407.000
1010.333	412.000
1010.579	415.000
1010.825	425.000
1011.071	413.000
1011.317	400.000
1011.563	393.000
1011.809	402.000
1012.055	414.000
1012.301	413.000
1012.547	408.000
1012.793	402.000
1013.039	398.000
1013.285	393.000
1013.531	388.000
1013.776	382.000
1014.022	384.000
1014.268	397.000
1014.514	410.000
1014.760	407.000
1015.006	397.000
1015.252	412.000
1015.498	417.000
1015.744	415.000
1015.989	409.000
1016.235	401.000
1016.481	395.000
1016.727	389.000
1016.973	392.000
1017.218	401.000
1017.464	412.000
1017.710	420.000
1017.956	411.000
1018.202	406.000
1018.447	411.000
1018.693	411.000
1018.939	397.000
1019.184	402.000
1019.430	405.000
1019.676	404.000
1019.922	401.000
1020.167	407.000
1020.413	403.000
1020.659	400.000
1020.904	412.000
1021.150	406.000
1021.396	400.000
1021.641	408.000
1021.887	397.000
1022.132	398.000
1022.378	407.000
1022.624	386.000
1022.869	389.000
1023.115	400.000
1023.360	396.000
1023.606	403.000
1023.851	399.000
1024.097	402.000
1024.342	404.000
1024.588	389.000
1024.833	374.000
1025.079	386.000
1025.324	412.000
1025.570	417.000
1025.815	401.000
1026.061	395.000
1026.306	408.000
1026.552	407.000
1026.797	390.000
1027.042	405.000
1027.288	421.000
1027.533	421.000
1027.779	422.000
1028.024	412.000
1028.269	397.000
1028.515	402.000
1028.760	411.000
1029.005	420.000
1029.251	394.000
1029.496	401.000
1029.741	419.000
1029.987	419.000
1030.232	432.000
1030.477	413.000
1030.723	393.000
1030.968	396.000
1031.213	390.000
1031.458	387.000
1031.704	399.000
1031.949	406.000
1032.194	411.000
1032.439	412.000
1032.684	411.000
1032.930	407.000
1033.175	411.000
1033.420	417.000
1033.665	425.000
1033.910	406.000
1034.155	402.000
1034.400	405.000
1034.646	409.000
1034.891	401.000
1035.136	405.000
1035.381	415.000
1035.626	416.000
1035.871	418.000
1036.116	408.000
1036.361	404.000
1036.606	400.000
1036.851	404.000
1037.096	412.000
1037.341	406.000
1037.586	414.000
1037.831	421.000
1038.076	392.000
1038.321	389.000
1038.566	395.000
1038.811	402.000
1039.056	404.000
1039.301	395.000
1039.546	389.000
1039.791	395.000
1040.036	402.000
1040.281	405.000
1040.526	395.000
1040.770	396.000
1041.015	398.000
1041.260	413.000
1041.505	419.000
1041.750	409.000
1041.995	405.000
1042.240	406.000
1042.484	404.000
1042.729	408.000
1042.974	412.000
1043.219	407.000
1043.463	403.000
1043.708	405.000
1043.953	414.000
1044.198	406.000
1044.442	401.000
1044.687	396.000
1044.932	397.000
1045.177	409.000
1045.421	404.000
1045.666	400.000
1045.911	398.000
1046.155	377.000
1046.400	386.000
1046.645	414.000
1046.889	410.000
1047.134	407.000
1047.379	413.000
1047.623	412.000
1047.868	409.000
1048.112	398.000
1048.357	393.000
1048.602	393.000
1048.846	374.000
1049.091	357.000
1049.335	386.000
1049.580	411.000
1049.824	415.000
1050.069	414.000
1050.313	394.000
1050.558	404.000
1050.802	408.000
1051.047	411.000
1051.291	410.000
1051.536	409.000
1051.780	402.000
1052.025	402.000
1052.269	393.000
1052.513	401.000
1052.758	419.000
1053.002	406.000
1053.247	402.000
1053.491	398.000
1053.735	394.000
1053.980	396.000
1054.224	394.000
1054.468	407.000
1054.713	402.000
1054.957	392.000
1055.201	381.000
1055.446	384.000
1055.690	395.000
1055.934	408.000
1056.179	406.000
1056.423	413.000
1056.667	418.000
1056.911	409.000
1057.156	390.000
1057.400	395.000
1057.644	412.000
1057.888	406.000
1058.132	398.000
1058.377	404.000
1058.621	418.000
1058.865	414.000
1059.109	415.000
1059.353	411.000
1059.597	404.000
1059.842	397.000
1060.086	403.000
1060.330	407.000
1060.574	404.000
1060.818	396.000
1061.062	413.000
1061.306	417.000
1061.550	416.000
1061.794	423.000
1062.038	411.000
1062.282	414.000
1062.526	424.000
1062.770	429.000
1063.014	417.000
1063.258	407.000
1063.502	411.000
1063.746	415.000
1063.990	405.000
1064.234	399.000
1064.478	394.000
1064.722	390.000
1064.966	388.000
1065.210	396.000
1065.454	402.000
1065.698	399.000
1065.942	402.000
1066.186	396.000
1066.429	415.000
1066.673	416.000
1066.917	405.000
1067.161	413.000
1067.405	401.000
1067.649	407.000
1067.893	397.000
1068.136	391.000
1068.380	405.000
1068.624	414.000
1068.868	413.000
1069.111	420.000
1069.355	418.000
1069.599	414.000
1069.843	409.000
1070.086	395.000
1070.330	411.000
1070.574	420.000
1070.818	401.000
1071.061	383.000
1071.305	386.000
1071.549	398.000
1071.792	395.000
1072.036	421.000
1072.280	418.000
1072.523	405.000
1072.767	403.000
1073.010	415.000
1073.254	417.000
1073.498	420.000
1073.741	417.000
1073.985	424.000
1074.228	430.000
1074.472	429.000
1074.715	431.000
1074.959	408.000
1075.202	399.000
1075.446	403.000
1075.690	388.000
1075.933	406.000
1076.177	408.000
1076.420	415.000
1076.663	419.000
1076.907	421.000
1077.150	414.000
1077.394	406.000
1077.637	395.000
1077.881	391.000
1078.124	388.000
1078.367	406.000
1078.611	395.000
1078.854	395.000
1079.098	389.000
1079.341	393.000
1079.584	405.000
1079.828	402.000
1080.071	402.000
1080.314	411.000
1080.558	418.000
1080.801	406.000
1081.044	404.000
1081.288	412.000
1081.531	407.000
1081.774	397.000
1082.017	409.000
1082.261	406.000
1082.504	398.000
1082.747	408.000
1082.990	397.000
1083.233	403.000
1083.477	402.000
1083.720	392.000
1083.963	397.000
1084.206	415.000
1084.449	433.000
1084.692	430.000
1084.936	412.000
1085.179	406.000
1085.422	405.000
1085.665	411.000
1085.908	410.000
1086.151	416.000
1086.394	414.000
1086.637	394.000
1086.880	388.000
1087.123	383.000
1087.366	381.000
1087.610	390.000
1087.853	396.000
1088.096	399.000
1088.339	388.000
1088.582	395.000
1088.825	389.000
1089.068	390.000
1089.310	402.000
1089.553	409.000
1089.796	407.000
1090.039	404.000
1090.282	397.000
1090.525	393.000
1090.768	396.000
1091.011	407.000
1091.254	424.000
1091.497	412.000
1091.740	409.000
1091.982	413.000
1092.225	390.000
1092.468	404.000
1092.711	411.000
1092.954	401.000
1093.197	397.000
1093.439	395.000
1093.682	402.000
1093.925	409.000
1094.168	402.000
1094.411	425.000
1094.653	415.000
1094.896	399.000
1095.139	394.000
1095.381	392.000
1095.624	410.000
1095.867	412.000
1096.110	409.000
1096.352	391.000
1096.595	379.000
1096.838	397.000
1097.080	407.000
1097.323	393.000
1097.566	399.000
1097.808	406.000
1098.051	402.000
1098.293	393.000
1098.536	393.000
1098.779	413.000
1099.021	408.000
1099.264	396.000
1099.506	397.000
1099.749	402.000
1099.991	405.000